<div id="news_chart_div"></div>
<script>
    $(function () {

       var  groupingUnits = [[
            'week',                         // unit name
            [1]                             // allowed multiples
        ], [
            'month',
            [1, 2, 3, 4, 6]
        ]]




        Highcharts.stockChart('news_chart_div', {
             plotOptions: {
                candlestick: {
                    color: '#36C6D3',
                    upColor: 'red'
                }
            },
            rangeSelector: {
                selected: 1
            },

            title: {
                text: 'News Chart-1STPRIMFMF'
            },

            yAxis: [{
                labels: {
                    align: 'right',
                    x: -3
                },
                title: {
                    text: 'OHLC'
                },
                height: '60%',
                lineWidth: 2
            }, {
                labels: {
                    align: 'right',
                    x: -3
                },
                title: {
                    text: 'Volume'
                },
                top: '65%',
                height: '35%',
                offset: 0,
                lineWidth: 2
            }],


            series: [{
                type: 'candlestick',
                name: '1STPRIMFMF',
                id: 'ohlc',
                dataGrouping: {
                					enabled:false
                		        },
                data: [[1460484043200,8.5,8.6,8.4,8.5],[1460829643200,8.4,8.5,8.3,8.3],[1460916043200,8.4,8.7,8.2,8.3],[1461002443200,8.4,8.4,8.2,8.2],[1461088843200,8.2,8.3,8.2,8.2],[1461175243200,8.4,8.4,8.2,8.3],[1461434443200,8.2,8.3,8.2,8.2],[1461520843200,8.3,8.3,8.1,8.2],[1461607243200,8.2,8.2,8,8],[1461693643200,8,8,7.9,7.9],[1461780043200,8,8,7.5,7.8],[1462125643200,7.8,7.8,7.5,7.6],[1462212043200,7.9,8,7.9,7.9],[1462298443200,8,8,7.8,7.8],[1462384843200,7.9,8.2,7.9,8.1],[1462644043200,8.1,8.1,8,8],[1462730443200,8,8.1,7.9,8],[1462816843200,8,8.1,7.9,7.9],[1462903243200,7.9,8,7.8,7.9],[1462989643200,7.9,8,7.9,8],[1463248843200,8,8,7.8,7.9],[1463335243200,7.9,8,7.9,8],[1463421643200,8,8.1,8,8.1],[1463508043200,8.2,8.2,7.8,8.1],[1463594443200,8.1,8.2,8,8.1],[1463853643200,8.1,8.1,8,8],[1464026443200,8.1,8.2,8,8.1],[1464112843200,8.2,8.2,8.1,8.1],[1464199243200,8,8.1,7.9,8],[1464458443200,8,8.1,7.9,8],[1464544843200,8,8,8,8],[1464631243200,7.9,8.2,7.9,8.2],[1464717643200,8.3,8.8,8.3,8.7],[1464804043200,8.7,8.9,8.5,8.9],[1465063243200,8.8,8.8,8.3,8.4],[1465149643200,8.4,8.5,8.1,8.4],[1465236043200,8.2,8.4,8.2,8.2],[1465322443200,8.1,8.4,8.1,8.2],[1465408843200,8.1,8.3,8.1,8.1],[1465668043200,8.1,8.3,8.1,8.1],[1465754443200,8.3,8.5,8.2,8.4],[1465840843200,8.3,8.3,8.1,8.1],[1465927243200,8.2,8.2,8.1,8.1],[1466013643200,8.2,8.2,8.1,8.2],[1466272843200,8.2,8.2,8,8.1],[1466359243200,8,8.2,8,8],[1466445643200,8,8.1,8,8],[1466532043200,8.1,8.1,7.9,8],[1466618443200,8.1,8.2,8.1,8.1],[1466877643200,8.1,8.2,8,8.2],[1466964043200,8.1,8.2,8,8.1],[1467050443200,8,8.3,8,8.2],[1467136843200,8.4,8.4,8.1,8.2],[1467223243200,8.3,8.6,8.3,8.4],[1468087243200,8.3,8.6,8.3,8.5],[1468173643200,8.5,9.3,8.5,9.2],[1468260043200,9.2,9.2,8.9,9],[1468346443200,9.1,9.1,8.6,8.7],[1468432843200,8.7,9.2,8.7,9],[1468605643200,8.9,9,8.8,8.8],[1468692043200,8.7,8.9,8.6,8.7],[1468778443200,8.7,9,8.7,8.9],[1468864843200,8.9,9,8.7,8.8],[1468951243200,8.9,8.9,8.5,8.6],[1469037643200,8.7,8.7,8.5,8.6],[1469296843200,8.7,8.7,8.5,8.6],[1469383243200,8.6,8.7,8.5,8.5],[1469469643200,8.6,8.6,8.3,8.4],[1469556043200,8.5,8.5,8.2,8.3],[1469642443200,8.4,8.4,8.1,8.2],[1469901643200,8.2,8.3,8.2,8.2],[1469988043200,8.2,8.4,8.1,8.2],[1470074443200,8.4,8.4,8.2,8.4],[1470160843200,8.4,8.4,8.1,8.2],[1470247243200,8.2,8.4,8.1,8.2],[1470506443200,8.2,8.2,8.1,8.1],[1470592843200,8.2,8.2,8.1,8.1],[1470679243200,8.2,8.2,8.1,8.1],[1470765643200,8.2,8.2,8.1,8.1],[1470852043200,8.1,8.3,8.1,8.1],[1471111243200,8.2,8.2,8.1,8.1],[1471284043200,8.1,8.1,8,8],[1471370443200,8.1,8.1,8,8],[1471456843200,8,8.1,8,8],[1471716043200,8,8.1,8,8.1],[1471802443200,8.1,8.1,8,8.1],[1471888843200,8.1,8.1,8,8],[1471975243200,8.1,8.1,7.9,8],[1472320843200,7.9,8,7.9,7.9],[1472407243200,8,8.1,7.9,8],[1472493643200,8,8.1,8,8],[1472580043200,7.9,8,7.9,7.9],[1472666443200,8,8.1,7.9,8],[1472925643200,8,8.1,7.9,8],[1473012043200,8.1,8.1,8,8],[1473098443200,8,8.1,7.9,8],[1473184843200,8,8,8,8],[1473271243200,8,8.1,8,8],[1474135243200,8.1,8.5,8.1,8.4],[1474221643200,8.5,8.6,8.3,8.4],[1474308043200,8.3,8.4,8.2,8.2],[1474394443200,8.2,8.5,8.2,8.4],[1474480843200,8.4,8.5,8.3,8.4],[1474653643200,8.5,9.2,8.5,9.2],[1474740043200,9.1,9.2,8.7,9],[1474826443200,8.9,9.7,8.9,9.4],[1474912843200,9.5,9.7,9.1,9.3],[1474999243200,9.2,9.5,9.2,9.3],[1475085643200,9.5,9.5,9.1,9.2],[1475344843200,9.5,9.6,9.1,9.1],[1475431243200,9.2,9.2,9,9.1],[1475517643200,9.1,9.2,9,9.1],[1475604043200,9.2,9.3,9,9.1],[1475690443200,9.1,9.2,9.1,9.1],[1475949643200,9.2,9.6,9.1,9.5],[1476036043200,9.6,9.6,9.4,9.5],[1476295243200,9.4,9.4,9.3,9.3],[1476554443200,9.2,9.3,9.2,9.3],[1476640843200,9.3,9.3,9,9.1],[1476727243200,9.1,9.3,9,9.1],[1476813643200,9.2,9.3,9.1,9.2],[1476900043200,9.2,9.3,9.1,9.2],[1477159243200,9.1,9.3,9,9.1],[1477245643200,9.1,9.2,8.9,9],[1477332043200,9,9,8.9,8.9],[1477418443200,8.9,9,8.7,8.9],[1477504843200,9,9.1,8.8,8.8],[1477764043200,8.9,8.9,8.8,8.8],[1477850443200,8.9,8.9,8.7,8.7],[1477936843200,8.8,8.8,8.6,8.7],[1478023243200,8.9,8.9,8.7,8.9],[1478109643200,8.9,9,8.8,8.9],[1478368843200,8.9,9,8.8,9],[1478455243200,8.9,9,8.9,9],[1478541643200,9,9,8.7,8.8],[1478628043200,8.8,8.9,8.5,8.6],[1478714443200,8.6,8.8,8.5,8.7],[1478973643200,8.7,8.7,8.5,8.5],[1479060043200,8.5,8.7,8.5,8.5],[1479146443200,8.6,8.6,8.4,8.5],[1479232843200,8.6,8.7,8.5,8.6],[1479319243200,8.7,8.7,8.5,8.6],[1479578443200,8.6,8.7,8.6,8.7],[1479664843200,8.7,9,8.7,8.9],[1479751243200,8.9,9.1,8.8,8.9],[1479837643200,9,9.3,8.9,9.3],[1479924043200,9.2,9.7,9.2,9.6],[1480183243200,9.8,9.9,9.5,9.6],[1480269643200,9.6,9.8,9.5,9.7],[1480356043200,9.8,10.1,9.7,9.8],[1480442443200,9.7,10,9.5,9.6],[1480528843200,9.8,9.8,9.4,9.5],[1480788043200,9.5,9.6,9.4,9.5],[1480874443200,9.5,9.7,9.5,9.5],[1480960843200,9.6,9.7,9.4,9.4],[1481047243200,9.4,9.4,9.2,9.3],[1481133643200,9.4,9.5,9.3,9.3],[1481392843200,9.4,9.5,9.2,9.3],[1481479243200,9.3,9.4,9.3,9.4],[1481652043200,9.4,9.4,9.2,9.3],[1481738443200,9.3,9.3,9.2,9.2],[1481997643200,9.2,9.3,9.1,9.1],[1482084043200,9.3,9.4,9.2,9.3],[1482170443200,9.3,9.5,9.2,9.4],[1482256843200,9.5,9.6,9.4,9.6],[1482343243200,9.6,10.5,9.6,10.5],[1482688843200,11,11.5,11,11.5],[1482775243200,11.9,12.5,11.2,12.2],[1482861643200,12.5,12.6,11.7,12],[1482948043200,11.9,13,11.9,12.6],[1483207243200,12.8,13,12.3,12.5],[1483293643200,12.6,12.9,12.1,12.3],[1483380043200,12.4,12.4,11.8,11.9],[1483466443200,12.1,12.5,12.1,12.3],[1483552843200,12.3,12.4,11.8,11.9],[1483812043200,12,12.5,12,12.3],[1483898443200,12.4,12.5,12,12.1],[1483984843200,12.2,12.6,12.2,12.5],[1484071243200,12.6,13.7,12.6,13.7],[1484157643200,14.2,15,13.8,14.8],[1484416843200,14.7,14.8,14.1,14.5],[1484503243200,14.9,15.5,14.4,14.9],[1484589643200,14.9,15.3,14.7,14.8],[1484676043200,15,15,13.9,14.1],[1484762443200,14.2,14.7,13.9,14.5],[1485021643200,14.8,15.1,14.5,14.6],[1485108043200,14.6,15.8,14.6,15.3],[1485194443200,15.4,15.7,14.8,15.4],[1485280843200,15.2,15.4,14.5,14.6],[1485367243200,14.7,14.9,14,14.2],[1485626443200,14.7,14.8,13.5,13.8],[1485712843200,13.6,14.2,13.5,13.6],[1485799243200,13.9,13.9,13.4,13.5],[1485885643200,13.4,13.6,12.6,12.7],[1485972043200,12.5,12.6,11.9,12.2],[1486231243200,12.2,12.3,11.8,11.9],[1486317643200,12,12.5,12,12.2],[1486404043200,12.2,12.4,12,12.2],[1486490443200,12.4,13.1,12.4,13],[1486576843200,13.2,13.2,12.4,12.8],[1486836043200,12.9,12.9,12.5,12.6],[1486922443200,12.7,12.8,12.5,12.6],[1487008843200,12.7,12.7,12.5,12.5],[1487095243200,12.5,12.8,12.5,12.5],[1487181643200,12.6,12.7,12.4,12.5],[1487440843200,12.6,12.7,12.5,12.5],[1487527243200,12.6,12.8,12.5,12.7],[1487786443200,12.2,12.3,12,12.1],[1488045643200,12.1,12.3,12,12.1],[1488132043200,12,12.2,11.9,11.9],[1488218443200,12,12,11.7,11.7],[1488304843200,12,12,11.7,11.7],[1488391243200,11.7,11.8,11.5,11.6],[1488650443200,11.9,11.9,11.6,11.6],[1488736843200,11.8,12,11.5,11.6],[1488823243200,11.8,11.8,11.6,11.7],[1488909643200,11.8,11.8,11.6,11.7],[1488996043200,11.8,11.9,11.5,11.6],[1489255243200,11.8,11.9,11.6,11.7],[1489341643200,11.8,12.4,11.7,12.3],[1489428043200,12.4,12.8,12.3,12.4],[1489514443200,12.5,12.5,12,12.2],[1489600843200,12.2,12.3,11.9,12.2],[1489860043200,12.3,12.3,12,12],[1489946443200,12.2,12.2,11.8,11.9],[1490032843200,11.9,12.7,11.9,12.5],[1490119243200,12.4,12.5,12.3,12.3],[1490205643200,12.4,12.4,12,12.1],[1490551243200,12.2,12.2,12,12],[1490637643200,12,12.1,11.9,12],[1490724043200,12.1,12.3,11.7,11.8],[1490810443200,11.8,12,11.7,11.7],[1491069643200,11.7,12,11.7,11.8],[1491156043200,11.9,11.9,11.6,11.7],[1491242443200,11.7,12,11.7,11.7],[1491328843200,11.9,12.1,11.7,12],[1491415243200,12.1,12.1,11.8,11.8],[1491674443200,11.9,12,11.7,11.8],[1491760843200,11.9,11.9,11.7,11.8],[1491847243200,11.9,11.9,11.6,11.7],[1491933643200,11.7,11.7,11.6,11.7],[1492020043200,11.7,12,11.6,11.9],[1492279243200,12,12.3,11.8,11.8],[1492365643200,11.9,11.9,11.7,11.7],[1492452043200,11.8,11.8,11.5,11.6],[1492538443200,11.7,12,11.7,11.8],[1492624843200,11.9,12.7,11.9,12.3],[1492884043200,12.3,12.3,11.8,11.9]]

            }, {
                type: 'column',
                name: 'Volume',
                id: 'volume',
                color:'#36C6D3',
                data: [[1460484043200,137750],[1460829643200,91120],[1460916043200,143329],[1461002443200,46880],[1461088843200,48645],[1461175243200,22582],[1461434443200,31548],[1461520843200,60754],[1461607243200,84925],[1461693643200,52194],[1461780043200,86256],[1462125643200,5800],[1462212043200,15050],[1462298443200,30386],[1462384843200,27625],[1462644043200,24797],[1462730443200,28070],[1462816843200,79958],[1462903243200,15390],[1462989643200,48750],[1463248843200,11000],[1463335243200,34597],[1463421643200,53300],[1463508043200,101581],[1463594443200,34100],[1463853643200,33950],[1464026443200,55602],[1464112843200,83271],[1464199243200,70600],[1464458443200,46721],[1464544843200,21820],[1464631243200,190007],[1464717643200,383793],[1464804043200,293777],[1465063243200,141411],[1465149643200,119239],[1465236043200,18202],[1465322443200,22513],[1465408843200,39746],[1465668043200,20780],[1465754443200,150024],[1465840843200,156026],[1465927243200,29658],[1466013643200,30100],[1466272843200,97504],[1466359243200,38870],[1466445643200,65167],[1466532043200,100319],[1466618443200,172330],[1466877643200,55103],[1466964043200,68601],[1467050443200,41339],[1467136843200,93932],[1467223243200,306387],[1468087243200,83827],[1468173643200,556932],[1468260043200,244947],[1468346443200,278772],[1468432843200,331474],[1468605643200,75371],[1468692043200,80805],[1468778443200,178894],[1468864843200,105500],[1468951243200,94774],[1469037643200,121395],[1469296843200,60867],[1469383243200,54895],[1469469643200,124712],[1469556043200,86962],[1469642443200,76902],[1469901643200,34250],[1469988043200,144751],[1470074443200,73199],[1470160843200,222962],[1470247243200,173394],[1470506443200,112968],[1470592843200,37151],[1470679243200,53900],[1470765643200,101824],[1470852043200,169938],[1471111243200,98906],[1471284043200,150276],[1471370443200,164407],[1471456843200,32683],[1471716043200,68625],[1471802443200,77628],[1471888843200,123929],[1471975243200,187946],[1472320843200,116269],[1472407243200,122936],[1472493643200,67154],[1472580043200,124701],[1472666443200,90039],[1472925643200,63601],[1473012043200,43345],[1473098443200,29856],[1473184843200,19700],[1473271243200,64110],[1474135243200,431824],[1474221643200,259428],[1474308043200,168772],[1474394443200,331931],[1474480843200,172146],[1474653643200,1118116],[1474740043200,364790],[1474826443200,888777],[1474912843200,634000],[1474999243200,287343],[1475085643200,539643],[1475344843200,402465],[1475431243200,303430],[1475517643200,397238],[1475604043200,231179],[1475690443200,158680],[1475949643200,539247],[1476036043200,399255],[1476295243200,122390],[1476554443200,230604],[1476640843200,345625],[1476727243200,251184],[1476813643200,113358],[1476900043200,112965],[1477159243200,189640],[1477245643200,170026],[1477332043200,154441],[1477418443200,125020],[1477504843200,251101],[1477764043200,50300],[1477850443200,107200],[1477936843200,70800],[1478023243200,45850],[1478109643200,55328],[1478368843200,57774],[1478455243200,59080],[1478541643200,113031],[1478628043200,136445],[1478714443200,177846],[1478973643200,182435],[1479060043200,61050],[1479146443200,170369],[1479232843200,51567],[1479319243200,170566],[1479578443200,232229],[1479664843200,290927],[1479751243200,177022],[1479837643200,275427],[1479924043200,755351],[1480183243200,440868],[1480269643200,416631],[1480356043200,725902],[1480442443200,165886],[1480528843200,293205],[1480788043200,299293],[1480874443200,213770],[1480960843200,362279],[1481047243200,270120],[1481133643200,287563],[1481392843200,312257],[1481479243200,342784],[1481652043200,582935],[1481738443200,245500],[1481997643200,282510],[1482084043200,276383],[1482170443200,480390],[1482256843200,560036],[1482343243200,2236487],[1482688843200,1106641],[1482775243200,2865510],[1482861643200,1048675],[1482948043200,2134546],[1483207243200,618980],[1483293643200,1082940],[1483380043200,1121443],[1483466443200,493172],[1483552843200,970696],[1483812043200,654412],[1483898443200,498791],[1483984843200,741585],[1484071243200,2470317],[1484157643200,2471690],[1484416843200,999389],[1484503243200,935047],[1484589643200,1554982],[1484676043200,674945],[1484762443200,679490],[1485021643200,639512],[1485108043200,1686464],[1485194443200,880598],[1485280843200,552015],[1485367243200,418555],[1485626443200,457547],[1485712843200,452302],[1485799243200,240100],[1485885643200,1110207],[1485972043200,472736],[1486231243200,451470],[1486317643200,267280],[1486404043200,279400],[1486490443200,590134],[1486576843200,513849],[1486836043200,306708],[1486922443200,338004],[1487008843200,302851],[1487095243200,430998],[1487181643200,304582],[1487440843200,334102],[1487527243200,485660],[1487786443200,435911],[1488045643200,233775],[1488132043200,176865],[1488218443200,330946],[1488304843200,57993],[1488391243200,109530],[1488650443200,72365],[1488736843200,153881],[1488823243200,101026],[1488909643200,287875],[1488996043200,358664],[1489255243200,160092],[1489341643200,819762],[1489428043200,946071],[1489514443200,575393],[1489600843200,241300],[1489860043200,314063],[1489946443200,290764],[1490032843200,763846],[1490119243200,207170],[1490205643200,332747],[1490551243200,127265],[1490637643200,261035],[1490724043200,185401],[1490810443200,273873],[1491069643200,108350],[1491156043200,115223],[1491242443200,231400],[1491328843200,448700],[1491415243200,188590],[1491674443200,162910],[1491760843200,123318],[1491847243200,143580],[1491933643200,160652],[1492020043200,208490],[1492279243200,213951],[1492365643200,85950],[1492452043200,234891],[1492538443200,251500],[1492624843200,1825191],[1492884043200,307800]],
                dataGrouping: {
                					enabled:false
                		        },
                yAxis: 1
            },{
                             type: 'flags',
                             data: [],
                             onSeries: 'volume',
                             shape: 'circlepin'
                         },{
                             type: 'flags',
                             data: [],
                             shape: 'squarepin',
                             width: 16
                         }]
        });

    });



</script>



