<div id="news_chart_div"></div>
<script>
    $(function () {

       var  groupingUnits = [[
            'week',                         // unit name
            [1]                             // allowed multiples
        ], [
            'month',
            [1, 2, 3, 4, 6]
        ]]




        Highcharts.stockChart('news_chart_div', {
             plotOptions: {
                candlestick: {
                    color: '#36C6D3',
                    upColor: 'red'
                }
            },
            rangeSelector: {
                selected: 1
            },

            title: {
                text: 'News Chart-1JANATAMF'
            },

            yAxis: [{
                labels: {
                    align: 'right',
                    x: -3
                },
                title: {
                    text: 'OHLC'
                },
                height: '60%',
                lineWidth: 2
            }, {
                labels: {
                    align: 'right',
                    x: -3
                },
                title: {
                    text: 'Volume'
                },
                top: '65%',
                height: '35%',
                offset: 0,
                lineWidth: 2
            }],


            series: [{
                type: 'candlestick',
                name: '1JANATAMF',
                id: 'ohlc',
                dataGrouping: {
                					enabled:false
                		        },
                data: [[1460484043200,4.5,4.6,4.5,4.6],[1460829643200,4.6,4.6,4.5,4.5],[1460916043200,4.5,4.6,4.5,4.5],[1461002443200,4.5,4.6,4.5,4.6],[1461088843200,4.5,4.6,4.5,4.5],[1461175243200,4.5,4.6,4.5,4.6],[1461434443200,4.5,4.6,4.5,4.6],[1461520843200,4.5,4.6,4.5,4.6],[1461607243200,4.5,4.6,4.5,4.6],[1461693643200,4.5,4.6,4.5,4.5],[1461780043200,4.5,4.6,4.5,4.6],[1462125643200,4.5,4.5,4.4,4.5],[1462212043200,4.5,4.6,4.4,4.5],[1462298443200,4.5,4.7,4.5,4.6],[1462384843200,4.5,4.6,4.5,4.6],[1462644043200,4.6,4.6,4.5,4.5],[1462730443200,4.5,4.5,4.5,4.5],[1462816843200,4.5,4.6,4.4,4.6],[1462903243200,4.6,4.6,4.5,4.5],[1462989643200,4.6,4.6,4.5,4.5],[1463248843200,4.5,4.6,4.5,4.5],[1463335243200,4.5,4.6,4.5,4.6],[1463421643200,4.5,4.6,4.5,4.5],[1463508043200,4.5,4.7,4.5,4.6],[1463594443200,4.5,4.8,4.5,4.7],[1463853643200,4.7,4.7,4.6,4.7],[1464026443200,4.6,4.7,4.6,4.6],[1464112843200,4.6,4.7,4.6,4.6],[1464199243200,4.6,4.6,4.6,4.6],[1464458443200,4.6,4.8,4.6,4.7],[1464544843200,4.7,4.7,4.6,4.6],[1464631243200,4.6,4.7,4.6,4.6],[1464717643200,4.6,4.8,4.6,4.7],[1464804043200,4.6,4.7,4.6,4.7],[1465063243200,4.6,4.7,4.6,4.6],[1465149643200,4.6,4.7,4.6,4.7],[1465236043200,4.6,4.7,4.6,4.7],[1465322443200,4.6,4.7,4.6,4.7],[1465408843200,4.7,4.8,4.6,4.7],[1465668043200,4.7,4.8,4.7,4.7],[1465754443200,4.8,4.9,4.7,4.8],[1465840843200,4.8,4.8,4.7,4.8],[1465927243200,4.7,4.9,4.7,4.8],[1466013643200,4.8,4.9,4.8,4.9],[1466272843200,4.8,4.9,4.7,4.7],[1466359243200,4.7,4.8,4.7,4.7],[1466445643200,4.7,4.8,4.6,4.7],[1466532043200,4.7,4.7,4.6,4.6],[1466618443200,4.7,4.9,4.7,4.9],[1466877643200,4.8,4.9,4.7,4.9],[1466964043200,4.8,4.9,4.8,4.8],[1467050443200,4.8,4.9,4.8,4.8],[1467136843200,4.8,4.9,4.8,4.8],[1467223243200,4.9,5,4.8,5],[1468087243200,4.9,4.9,4.8,4.9],[1468173643200,4.9,5.3,4.8,5.3],[1468260043200,5.2,5.7,5.2,5.6],[1468346443200,5.4,5.5,5.2,5.4],[1468432843200,5.5,5.7,5.5,5.6],[1468605643200,5.6,5.7,5.5,5.7],[1468692043200,5.6,5.6,5.3,5.4],[1468778443200,5.4,5.5,5.3,5.5],[1468864843200,5.4,5.4,5.3,5.3],[1468951243200,5.3,5.4,5.2,5.3],[1469037643200,5.2,5.3,5.2,5.2],[1469296843200,5.1,5.2,5,5],[1469383243200,5,5.1,4.9,5],[1469469643200,5,5.2,4.9,5],[1469556043200,5,5.1,5,5.1],[1469642443200,5,5.1,5,5],[1469901643200,5,5.1,5,5],[1469988043200,5,5.2,5,5.2],[1470074443200,5.1,5.2,5.1,5.1],[1470160843200,5.1,5.2,5.1,5.1],[1470247243200,5.1,5.3,5.1,5.3],[1470506443200,5.2,5.2,5.1,5.1],[1470592843200,5.3,5.3,5,5.1],[1470679243200,5.1,5.2,5,5.2],[1470765643200,5.2,5.3,5.1,5.2],[1470852043200,5.2,5.3,5.1,5.3],[1471111243200,5.3,5.3,5.1,5.1],[1471284043200,5.1,5.1,4.5,4.8],[1471370443200,4.8,4.8,4.7,4.7],[1471456843200,4.7,4.7,4.6,4.7],[1471716043200,4.6,4.7,4.6,4.7],[1471802443200,4.6,4.7,4.6,4.7],[1471888843200,4.7,4.8,4.6,4.7],[1471975243200,4.7,4.8,4.6,4.7],[1472320843200,4.7,4.7,4.6,4.7],[1472407243200,4.7,4.8,4.6,4.7],[1472493643200,4.7,4.8,4.6,4.7],[1472580043200,4.7,4.8,4.6,4.7],[1472666443200,4.7,4.7,4.6,4.6],[1472925643200,4.7,4.7,4.6,4.6],[1473012043200,4.6,4.7,4.5,4.5],[1473184843200,4.4,4.5,4.3,4.4],[1473271243200,4.4,4.5,4.4,4.4],[1474135243200,4.5,4.5,4.4,4.4],[1474221643200,4.4,4.5,4.4,4.5],[1474308043200,4.5,4.5,4.4,4.5],[1474394443200,4.5,4.6,4.5,4.6],[1474480843200,4.6,4.7,4.5,4.6],[1474653643200,4.6,4.9,4.6,4.8],[1474740043200,4.8,5,4.8,4.9],[1474826443200,4.9,5,4.8,4.9],[1474912843200,4.9,5.1,4.9,5],[1474999243200,5.1,5.1,4.9,5],[1475085643200,4.9,5,4.9,4.9],[1475344843200,4.9,5,4.9,4.9],[1475431243200,4.9,5,4.8,4.8],[1475517643200,4.8,4.9,4.8,4.9],[1475604043200,4.9,5,4.9,5],[1475690443200,5,5,4.9,4.9],[1475949643200,4.9,4.9,4.8,4.9],[1476036043200,4.8,4.9,4.8,4.9],[1476295243200,4.8,4.9,4.8,4.8],[1476554443200,4.8,5,4.8,4.9],[1476640843200,4.9,5,4.9,4.9],[1476727243200,4.9,5,4.9,4.9],[1476813643200,4.9,5,4.9,5],[1476900043200,4.9,5,4.9,5],[1477159243200,5,5,4.9,5],[1477245643200,4.9,5,4.9,4.9],[1477332043200,4.9,5,4.9,4.9],[1477418443200,4.9,4.9,4.9,4.9],[1477504843200,4.9,4.9,4.9,4.9],[1477764043200,4.9,4.9,4.8,4.8],[1477850443200,4.8,4.9,4.8,4.8],[1477936843200,4.8,4.9,4.8,4.8],[1478023243200,4.8,5,4.8,4.9],[1478109643200,4.9,5.1,4.9,4.9],[1478368843200,5,5,4.9,5],[1478455243200,5,5,4.9,5],[1478541643200,5,5,4.9,5],[1478628043200,5,5,4.9,4.9],[1478714443200,4.9,5,4.9,5],[1478973643200,5,5,4.9,4.9],[1479060043200,4.9,5,4.9,4.9],[1479146443200,4.9,5,4.9,5],[1479232843200,5,5,4.9,4.9],[1479319243200,4.9,5,4.9,4.9],[1479578443200,5,5,4.9,5],[1479664843200,4.9,5,4.9,4.9],[1479751243200,4.9,5,4.9,4.9],[1479837643200,5,5,4.9,5],[1479924043200,5,5.4,5,5.3],[1480183243200,5.3,5.5,5.2,5.3],[1480269643200,5.2,5.3,5.1,5.1],[1480356043200,5.2,5.3,5.1,5.2],[1480442443200,5.2,5.3,5.1,5.2],[1480528843200,5.1,5.2,5.1,5.1],[1480788043200,5.1,5.2,5.1,5.1],[1480874443200,5.1,5.2,5,5.1],[1480960843200,5.1,5.2,5,5.1],[1481047243200,5.1,5.1,5.1,5.1],[1481133643200,5.1,5.2,5.1,5.1],[1481392843200,5.1,5.2,5.1,5.1],[1481479243200,5.1,5.1,5,5],[1481652043200,5.1,5.2,5,5.1],[1481738443200,5.1,5.2,5,5.2],[1481997643200,5.1,5.2,5.1,5.1],[1482084043200,5.1,5.2,5.1,5.2],[1482170443200,5.2,5.2,5.1,5.1],[1482256843200,5.1,5.2,5,5.1],[1482343243200,5.1,5.3,5.1,5.2],[1482688843200,5.2,5.4,5.2,5.4],[1482775243200,5.4,5.9,5.4,5.9],[1482861643200,6.1,6.4,6,6.2],[1482948043200,6.2,6.2,5.8,5.9],[1483207243200,6,6.3,5.9,6.3],[1483293643200,6.3,6.3,6.1,6.1],[1483380043200,6.2,6.2,5.9,5.9],[1483466443200,5.9,6,5.7,5.8],[1483552843200,5.9,6,5.8,5.9],[1483812043200,5.9,6.1,5.9,5.9],[1483898443200,5.9,6,5.8,6],[1483984843200,6,6.2,6,6],[1484071243200,6.1,6.4,6.1,6.3],[1484157643200,6.4,6.9,6.3,6.8],[1484416843200,6.8,7.4,6.8,7.4],[1484503243200,7.4,7.8,7.2,7.4],[1484589643200,7.4,8.1,7.3,8.1],[1484676043200,8.1,8.5,7.9,8],[1484762443200,8,8,7.7,8],[1485021643200,8,8.1,7.8,8],[1485108043200,8,8.5,7.9,8.3],[1485194443200,8.3,9,8.3,8.6],[1485280843200,8.6,8.7,8.2,8.3],[1485367243200,8.2,8.3,8,8.1],[1485626443200,8,8.3,7.5,7.6],[1485712843200,7.7,7.7,7.2,7.4],[1485799243200,7.4,7.8,7.3,7.6],[1485885643200,7.5,7.8,7.4,7.5],[1485972043200,7.4,7.4,7.1,7.2],[1486231243200,7.1,7.1,6.6,6.7],[1486317643200,6.8,7,6.6,6.8],[1486404043200,6.7,6.8,6.5,6.7],[1486490443200,6.8,7.3,6.8,7.3],[1486576843200,7.6,7.6,7.1,7.3],[1486836043200,7.3,7.5,7.2,7.3],[1486922443200,7.3,7.3,7.1,7.2],[1487008843200,7.1,7.4,7.1,7.3],[1487095243200,7.3,7.4,7.1,7.2],[1487181643200,7.2,7.3,7,7.1],[1487440843200,7.2,7.3,6.9,7],[1487527243200,7.1,7.1,6.9,7],[1487700043200,7,7.2,6.9,7.1],[1487786443200,7.1,7.1,7,7],[1488045643200,7,7.2,6.9,7.1],[1488132043200,7.1,7.1,6.9,6.9],[1488218443200,6.9,7,6.9,7],[1488304843200,7,7,6.9,7],[1488391243200,6.9,7,6.9,6.9],[1488650443200,6.9,6.9,6.8,6.8],[1488736843200,6.9,6.9,6.7,6.7],[1488823243200,6.7,6.9,6.6,6.7],[1488909643200,6.8,6.9,6.7,6.9],[1488996043200,6.9,7,6.8,6.9],[1489255243200,6.9,7,6.8,6.9],[1489341643200,6.9,7.2,6.9,7.1],[1489428043200,7.1,7.3,7.1,7.2],[1489514443200,7.3,7.5,7.2,7.2],[1489600843200,7.3,7.3,7.1,7.1],[1489860043200,7.1,7.3,7,7],[1489946443200,7.1,7.2,7,7],[1490032843200,7,7.3,7,7.1],[1490119243200,7.2,7.3,7.1,7.2],[1490205643200,7.3,7.3,7.2,7.2],[1490551243200,7.2,7.3,7.1,7.2],[1490637643200,7.1,7.2,7.1,7.2],[1490724043200,7.1,7.2,7,7],[1490810443200,7,7.1,7,7.1],[1491069643200,7,7.1,6.9,6.9],[1491156043200,6.9,7,6.9,6.9],[1491242443200,7,7.1,6.9,7],[1491328843200,7,7.2,7,7.2],[1491415243200,7.3,7.4,7.2,7.3],[1491674443200,7.3,7.5,7.2,7.4],[1491760843200,7.5,7.6,7.4,7.5],[1491847243200,7.4,7.5,7.3,7.3],[1491933643200,7.3,7.4,7.2,7.3],[1492020043200,7.3,7.4,7.2,7.3],[1492279243200,7.3,7.3,7.2,7.2],[1492365643200,7.2,7.3,7.2,7.3],[1492452043200,7.2,7.3,7.1,7.2],[1492538443200,7.2,7.5,7.2,7.4],[1492624843200,7.4,7.4,7.2,7.2],[1492884043200,7.2,7.2,7,7]]

            }, {
                type: 'column',
                name: 'Volume',
                id: 'volume',
                color:'#36C6D3',
                data: [[1460484043200,134336],[1460829643200,23067],[1460916043200,40366],[1461002443200,174680],[1461088843200,228575],[1461175243200,123716],[1461434443200,111716],[1461520843200,163447],[1461607243200,131625],[1461693643200,18317],[1461780043200,147922],[1462125643200,72489],[1462212043200,21936],[1462298443200,117412],[1462384843200,58907],[1462644043200,57184],[1462730443200,130442],[1462816843200,183554],[1462903243200,198691],[1462989643200,268385],[1463248843200,32532],[1463335243200,47374],[1463421643200,159014],[1463508043200,226499],[1463594443200,453910],[1463853643200,133826],[1464026443200,83670],[1464112843200,240639],[1464199243200,25372],[1464458443200,182378],[1464544843200,18147],[1464631243200,45524],[1464717643200,168962],[1464804043200,137590],[1465063243200,168676],[1465149643200,58524],[1465236043200,18520],[1465322443200,100727],[1465408843200,233233],[1465668043200,32222],[1465754443200,413229],[1465840843200,240776],[1465927243200,360429],[1466013643200,526110],[1466272843200,317649],[1466359243200,346380],[1466445643200,136842],[1466532043200,185942],[1466618443200,357910],[1466877643200,84239],[1466964043200,36221],[1467050443200,59486],[1467136843200,236805],[1467223243200,838301],[1468087243200,425205],[1468173643200,1807300],[1468260043200,2324984],[1468346443200,909341],[1468432843200,1421859],[1468605643200,1440730],[1468692043200,1437217],[1468778443200,474863],[1468864843200,355206],[1468951243200,524914],[1469037643200,168726],[1469296843200,761363],[1469383243200,501236],[1469469643200,449629],[1469556043200,363476],[1469642443200,828465],[1469901643200,130198],[1469988043200,687560],[1470074443200,230625],[1470160843200,69092],[1470247243200,446193],[1470506443200,132060],[1470592843200,686690],[1470679243200,501361],[1470765643200,805226],[1470852043200,397738],[1471111243200,261120],[1471284043200,2321451],[1471370443200,301661],[1471456843200,522649],[1471716043200,174120],[1471802443200,727561],[1471888843200,529090],[1471975243200,571002],[1472320843200,157172],[1472407243200,366868],[1472493643200,740979],[1472580043200,1589818],[1472666443200,189505],[1472925643200,104560],[1473012043200,281468],[1473184843200,472816],[1473271243200,89211],[1474135243200,347672],[1474221643200,53916],[1474308043200,191255],[1474394443200,649843],[1474480843200,488058],[1474653643200,1840721],[1474740043200,1030692],[1474826443200,752868],[1474912843200,1041695],[1474999243200,243761],[1475085643200,70199],[1475344843200,84217],[1475431243200,201416],[1475517643200,433321],[1475604043200,603040],[1475690443200,165719],[1475949643200,183589],[1476036043200,378571],[1476295243200,73391],[1476554443200,358379],[1476640843200,77067],[1476727243200,331953],[1476813643200,782478],[1476900043200,135501],[1477159243200,303739],[1477245643200,86498],[1477332043200,235100],[1477418443200,103915],[1477504843200,126603],[1477764043200,322982],[1477850443200,46870],[1477936843200,39547],[1478023243200,594103],[1478109643200,526078],[1478368843200,606498],[1478455243200,349086],[1478541643200,275129],[1478628043200,199382],[1478714443200,80812],[1478973643200,206449],[1479060043200,219717],[1479146443200,98514],[1479232843200,377365],[1479319243200,165336],[1479578443200,379500],[1479664843200,287062],[1479751243200,157736],[1479837643200,274094],[1479924043200,2663318],[1480183243200,1284461],[1480269643200,607994],[1480356043200,856370],[1480442443200,989640],[1480528843200,451274],[1480788043200,182063],[1480874443200,325055],[1480960843200,147934],[1481047243200,208813],[1481133643200,419617],[1481392843200,497151],[1481479243200,174948],[1481652043200,123144],[1481738443200,336494],[1481997643200,93545],[1482084043200,409041],[1482170443200,350574],[1482256843200,717816],[1482343243200,1857034],[1482688843200,1966696],[1482775243200,5650124],[1482861643200,6503967],[1482948043200,4427760],[1483207243200,3750701],[1483293643200,1659658],[1483380043200,2786192],[1483466443200,1734796],[1483552843200,1659645],[1483812043200,1495149],[1483898443200,963787],[1483984843200,1963400],[1484071243200,3133776],[1484157643200,7022495],[1484416843200,7520008],[1484503243200,10094921],[1484589643200,11006307],[1484676043200,7482993],[1484762443200,3308770],[1485021643200,3074284],[1485108043200,5880210],[1485194443200,6727282],[1485280843200,2377585],[1485367243200,1896760],[1485626443200,2425619],[1485712843200,1284124],[1485799243200,1431709],[1485885643200,1178109],[1485972043200,880950],[1486231243200,1337091],[1486317643200,1129871],[1486404043200,679348],[1486490443200,1969536],[1486576843200,1053399],[1486836043200,394227],[1486922443200,492915],[1487008843200,592719],[1487095243200,645258],[1487181643200,1893673],[1487440843200,1927607],[1487527243200,1858859],[1487700043200,1259760],[1487786443200,884129],[1488045643200,1816303],[1488132043200,591764],[1488218443200,528510],[1488304843200,273575],[1488391243200,495626],[1488650443200,270557],[1488736843200,908811],[1488823243200,1097781],[1488909643200,779256],[1488996043200,710538],[1489255243200,1407675],[1489341643200,1785650],[1489428043200,1284243],[1489514443200,1918287],[1489600843200,877182],[1489860043200,874815],[1489946443200,340341],[1490032843200,1133402],[1490119243200,1255812],[1490205643200,762893],[1490551243200,795306],[1490637643200,470781],[1490724043200,600225],[1490810443200,609900],[1491069643200,617340],[1491156043200,484882],[1491242443200,279273],[1491328843200,1164441],[1491415243200,1570149],[1491674443200,1943875],[1491760843200,1771476],[1491847243200,596520],[1491933643200,752493],[1492020043200,601257],[1492279243200,236335],[1492365643200,194113],[1492452043200,560193],[1492538443200,1169266],[1492624843200,864217],[1492884043200,975013]],
                dataGrouping: {
                					enabled:false
                		        },
                yAxis: 1
            },{
                             type: 'flags',
                             data: [],
                             onSeries: 'volume',
                             shape: 'circlepin'
                         },{
                             type: 'flags',
                             data: [],
                             shape: 'squarepin',
                             width: 16
                         }]
        });

    });



</script>



