<DTYYYYMMDD>,<OPEN>,<HIGH>,<LOW>,<CLOSE>,<VOL>
20010102,86.00,87.80,85.00,86.40,15703
20010103,86.00,86.50,83.70,85.00,21728
20010104,87.50,88.40,86.40,87.50,75531
20010105,87.80,87.80,83.70,83.70,27642
20010108,84.00,84.00,80.00,80.40,79528
20010109,81.60,82.10,80.00,82.10,69720
20010110,82.00,82.00,78.50,79.00,57638
20010111,78.00,78.50,76.00,76.00,65340
20010112,77.50,78.50,76.80,77.60,77449
20010115,77.90,77.90,74.50,74.80,45683
20010116,74.30,74.30,71.00,71.20,148539
20010117,72.30,75.00,69.00,74.00,155627
20010118,74.00,77.00,73.20,75.30,118563
20010119,78.10,78.20,76.60,77.00,122777
20010122,77.00,77.50,74.70,75.60,107375
20010123,74.80,75.50,74.30,74.30,80320
20010124,76.50,76.50,74.30,74.30,71113
20010125,74.00,76.00,73.50,74.80,55918
20010126,73.00,73.80,72.80,73.20,53178
20010129,73.00,74.00,72.00,73.10,74878
20010130,73.50,74.80,73.30,73.60,77840
20010131,74.00,74.00,72.60,73.40,62961
20010201,73.00,74.40,73.00,74.20,115572
20010202,74.50,76.80,74.40,76.50,123850
20010205,75.20,75.40,72.70,72.90,81018
20010206,72.20,73.40,70.20,72.00,124830
20010207,70.90,71.50,68.50,68.50,159973
20010208,67.80,69.90,67.10,67.80,103582
20010209,67.50,67.80,64.80,64.80,183617
20010212,64.50,66.00,62.50,66.00,113474
20010213,66.50,68.60,65.10,68.60,83499
20010214,65.60,68.40,65.60,68.30,94317
20010215,69.50,70.70,68.60,70.70,104673
20010216,69.20,70.50,67.00,67.80,95938
20010219,67.90,68.50,64.90,66.30,54040
20010220,66.50,67.90,65.00,65.50,52947
20010221,63.90,65.10,63.10,65.00,162673
20010222,66.00,67.00,64.60,66.30,59350
20010223,67.50,68.40,64.70,66.10,115161
20010226,67.70,68.00,66.80,67.00,46804
20010227,66.50,67.00,62.60,62.70,83502
20010228,61.20,63.50,59.50,62.80,128711
20010301,59.10,61.00,57.60,58.50,177211
20010302,58.00,61.00,57.20,60.90,297450
20010305,61.50,64.00,61.00,64.00,136372
20010306,65.00,65.90,64.00,64.60,110113
20010307,63.90,65.00,62.80,64.00,69217
20010308,64.00,64.00,62.00,62.20,50497
20010309,61.50,62.00,59.50,60.00,95894
20010312,57.00,58.70,55.00,55.50,146775
20010313,53.50,58.00,53.50,57.30,154407
20010314,58.00,58.50,54.70,57.00,210428
20010315,57.50,58.50,56.60,57.80,176536
20010316,56.20,57.20,55.50,56.50,89583
20010319,56.50,57.30,55.70,55.70,60957
20010320,57.10,57.70,56.00,56.60,125840
20010321,55.50,56.60,54.50,55.00,93665
20010322,55.00,55.00,52.50,55.00,77402
20010323,56.30,56.90,54.50,55.70,229083
20010326,56.50,56.50,54.60,54.60,66019
20010327,53.70,54.20,52.40,53.60,64785
20010328,53.60,55.10,53.40,54.10,124027
20010329,52.60,54.00,52.60,53.90,28276
20010330,54.20,54.90,54.00,54.00,46023
20010402,54.00,54.00,53.20,53.60,20457
20010403,53.30,53.30,51.50,52.00,136558
20010404,50.50,51.40,50.40,51.00,72309
20010405,51.90,52.40,51.70,52.30,19426
20010406,53.00,54.60,52.50,54.60,72497
20010409,54.40,58.30,54.40,58.30,58529
20010410,58.50,62.20,58.50,61.00,123852
20010411,61.50,62.10,59.80,61.90,103102
20010412,60.90,62.30,60.50,61.90,70011
20010417,59.90,60.00,58.70,59.40,75094
20010418,60.50,64.20,60.50,64.20,83665
20010419,66.10,67.00,65.00,66.60,140171
20010420,66.00,68.50,65.20,65.70,109153
20010423,65.00,65.00,63.00,64.30,76635
20010424,64.90,65.00,63.00,64.30,154463
20010425,64.20,67.00,64.20,66.20,70345
20010426,67.00,68.80,67.00,67.60,85514
20010427,67.30,68.20,66.70,67.10,60992
20010430,67.20,67.20,64.20,65.10,17038
20010502,66.00,69.90,64.90,65.00,66987
20010504,65.00,65.00,63.50,64.00,25044
20010507,64.30,65.50,63.00,63.10,36288
20010508,62.50,62.50,60.90,61.20,54195
20010509,59.10,59.30,58.20,58.20,106643
20010510,58.00,60.30,58.00,60.00,95208
20010511,59.80,63.20,59.50,61.90,128700
20010514,60.90,62.00,60.90,61.70,24247
20010515,61.60,61.80,59.40,59.80,44335
20010516,58.50,59.00,58.50,58.60,61037
20010517,61.00,61.00,59.20,60.00,137044
20010518,59.90,60.20,59.00,60.10,30519
20010521,60.50,62.90,60.00,62.60,138121
20010522,64.00,65.20,63.40,64.90,147801
20010523,64.50,66.50,63.60,65.50,135020
20010524,65.00,66.00,64.30,65.50,47655
20010525,65.50,65.70,65.00,65.30,29219
20010528,64.00,64.80,64.00,64.30,10176
20010529,64.50,65.20,63.40,64.00,36026
20010530,63.50,64.00,63.20,64.00,50901
20010531,63.30,65.00,63.00,65.00,66528
20010601,65.00,65.20,64.20,64.90,26038
20010604,65.50,65.50,64.10,64.50,35166
20010605,63.70,64.50,63.70,64.00,33339
20010606,64.00,64.00,62.00,62.00,28053
20010607,60.50,61.00,59.70,60.50,83658
20010608,61.00,61.00,59.10,59.20,68660
20010611,58.30,59.30,57.10,57.90,44249
20010612,57.60,59.00,57.10,58.50,54448
20010613,61.00,61.00,59.30,59.60,43355
20010615,59.80,59.90,56.40,56.50,59080
20010618,55.50,57.30,53.00,54.10,78749
20010619,54.10,54.90,53.00,53.90,29844
20010620,53.70,54.50,52.90,52.90,23874
20010621,52.90,54.30,52.90,53.90,37403
20010622,54.60,55.20,53.00,53.50,66734
20010625,53.20,56.40,53.20,56.40,76906
20010626,55.30,55.90,54.60,55.00,41787
20010627,55.40,55.40,54.40,55.00,42087
20010628,54.60,54.80,54.00,54.30,42997
20010629,54.30,55.50,54.00,54.50,14745
20010702,54.50,54.70,53.70,54.10,25311
20010703,53.60,54.50,50.00,51.50,119753
20010704,50.20,51.80,49.00,50.00,44921
20010705,48.80,51.50,47.60,48.00,54765
20010706,48.50,50.90,47.90,49.90,157917
20010709,50.00,50.00,48.50,49.30,80684
20010710,49.00,49.00,47.30,48.10,44879
20010711,47.50,47.50,45.60,46.60,30324
20010712,47.30,49.50,46.90,47.20,192060
20010713,47.80,48.00,45.70,45.70,123677
20010716,46.30,47.50,46.10,47.30,48775
20010717,48.10,48.10,40.30,47.10,118890
20010718,46.90,46.90,46.20,46.50,21313
20010719,46.90,47.50,45.60,46.90,54574
20010720,46.10,47.40,44.70,45.00,52412
20010723,45.80,45.80,45.10,45.10,35765
20010724,45.50,45.60,44.00,44.40,29355
20010725,44.60,45.10,44.40,44.40,52690
20010726,44.60,46.40,44.60,46.10,44675
20010727,46.70,47.50,46.60,46.90,59868
20010730,47.30,48.80,46.80,47.90,47175
20010731,47.00,47.60,46.50,46.80,44978
20010801,46.80,47.80,45.80,47.10,75234
20010802,47.90,48.70,47.30,47.80,93181
20010803,47.00,47.80,47.00,47.80,12175
20010806,49.30,49.30,47.70,47.90,28026
20010807,47.70,47.70,46.70,46.70,25687
20010808,46.70,46.70,45.10,45.30,41768
20010809,44.60,45.90,44.50,45.30,89334
20010810,45.40,46.00,44.60,45.20,61866
20010813,45.80,45.80,43.90,44.10,53812
20010814,44.50,45.40,44.20,45.00,47614
20010816,44.70,44.80,44.10,44.30,34969
20010817,43.60,43.60,43.10,43.50,23531
20010820,43.10,44.00,43.10,43.70,25829
20010821,43.90,44.60,43.50,44.50,34741
20010822,44.20,45.70,44.20,45.30,31051
20010823,45.50,45.80,45.10,45.40,34705
20010824,45.20,45.90,45.00,45.70,9639
20010827,46.00,47.30,45.60,45.80,29184
20010828,45.20,45.90,45.00,45.10,18689
20010829,44.40,45.40,44.40,45.40,18328
20010830,46.00,46.00,45.20,45.70,18467
20010831,45.10,46.70,44.90,46.70,47617
20010903,46.80,47.80,46.00,46.70,37982
20010904,47.50,48.50,46.50,46.50,77211
20010905,46.90,47.60,46.50,47.40,56880
20010906,48.00,48.30,47.60,48.00,62702
20010907,47.50,48.50,47.20,48.50,51258
20010910,47.50,48.80,47.00,47.10,38665
20010911,47.60,47.80,45.50,45.50,36819
20010912,44.00,45.20,43.20,45.20,64664
20010913,44.60,46.00,44.60,45.50,43275
20010914,45.50,45.50,43.50,43.70,24532
20010917,42.40,43.00,42.10,42.40,65115
20010918,43.60,43.70,42.20,42.80,17778
20010919,43.10,43.70,42.60,43.10,25110
20010920,42.10,44.00,42.10,43.00,19836
20010921,42.80,42.80,41.20,41.90,37884
20010924,42.10,42.60,41.10,42.50,20212
20010925,42.00,44.00,42.00,43.40,19716
20010926,43.70,44.30,43.00,44.20,35476
20010927,44.00,44.40,43.20,43.40,23223
20010928,43.70,45.00,43.70,44.50,41116
20011001,44.60,45.00,44.50,44.50,41469
20011002,44.50,44.50,42.40,42.80,40939
20011003,42.70,42.70,40.40,41.00,97690
20011004,41.80,41.80,41.00,41.40,52894
20011005,41.30,41.30,39.20,39.60,71613
20011008,39.60,39.60,38.60,39.40,43861
20011009,39.50,42.20,39.50,42.10,124247
20011010,42.20,44.90,42.20,44.60,206786
20011011,45.00,48.50,45.00,47.30,348114
20011012,47.00,47.10,45.70,46.80,100745
20011015,46.50,46.50,45.60,45.80,41209
20011016,46.40,51.80,46.40,50.90,108842
20011017,52.30,54.80,48.60,50.00,216156
20011018,48.80,49.90,47.50,49.40,148773
20011019,49.00,50.10,47.30,48.30,139925
20011022,48.00,50.50,48.00,50.50,51516
20011023,51.70,52.50,50.00,50.10,75891
20011024,50.50,52.40,50.00,52.30,37437
20011025,54.60,55.40,53.50,54.80,139728
20011026,57.50,60.80,56.30,58.00,73565
20011029,59.00,59.50,57.40,57.40,139067
20011030,56.10,56.50,53.80,54.80,89846
20011031,55.00,55.80,54.00,55.30,53268
20011102,56.00,57.00,55.20,55.30,28917
20011105,55.20,55.50,53.90,54.10,91080
20011106,54.90,55.10,52.80,53.00,26087
20011107,53.00,53.00,51.00,51.70,89035
20011108,52.50,53.30,51.80,53.30,71177
20011109,53.50,54.20,52.30,53.50,92160
20011112,53.90,54.70,51.60,53.10,37992
20011113,53.90,55.00,53.10,55.00,56166
20011114,56.00,58.30,55.90,58.00,171966
20011115,58.50,58.60,56.50,57.00,44857
20011116,56.50,57.50,56.20,57.00,24430
20011119,58.00,58.70,56.90,58.10,110608
20011120,57.50,57.50,56.30,56.50,36211
20011121,55.80,57.20,55.50,55.70,82881
20011122,55.00,56.50,54.10,56.50,69765
20011123,57.00,57.00,55.80,55.90,26550
20011126,55.00,56.20,55.00,55.90,34431
20011127,55.20,56.20,55.00,55.80,33007
20011128,55.40,55.50,54.80,55.50,41665
20011129,55.00,55.30,54.70,54.80,32644
20011130,54.30,55.30,53.50,54.30,37462
20011203,53.00,54.10,53.00,54.10,117485
20011204,54.00,54.50,53.10,54.00,26518
20011205,55.80,55.80,53.00,54.00,53084
20011206,54.40,55.10,53.20,54.00,54478
20011207,53.50,54.40,53.00,54.30,13262
20011210,54.30,54.30,52.60,53.00,13111
20011211,52.10,52.80,51.80,52.00,34973
20011212,52.50,52.60,51.70,51.90,26044
20011213,52.80,52.80,50.00,50.00,39096
20011214,48.60,49.50,48.20,49.50,83086
20011217,49.40,49.90,49.00,49.00,19132
20011218,48.90,50.30,48.90,50.00,44259
20011219,49.90,50.50,48.90,50.00,74997
20011220,49.00,50.00,48.90,49.00,31794
20011221,48.80,50.10,48.50,50.00,28020
20011227,50.00,50.50,49.40,50.20,6307
20011228,50.00,51.00,49.30,51.00,12761
20011231,51.20,51.40,50.40,51.40,7979
20020102,51.00,52.00,50.00,52.00,27744
20020103,51.70,55.40,51.70,54.50,76335
20020104,55.10,59.20,55.10,58.00,185885
20020107,58.00,60.40,57.50,60.00,128107
20020108,59.00,62.00,58.70,61.00,93103
20020109,60.00,67.50,59.80,65.50,131821
20020110,65.20,67.00,62.50,63.00,89598
20020111,63.10,66.00,62.30,65.10,83567
20020114,63.30,64.50,61.30,62.00,81020
20020115,61.00,63.20,60.60,63.20,91370
20020116,62.60,64.00,62.20,63.80,120694
20020117,64.60,67.40,64.60,67.00,91607
20020118,67.00,67.20,65.00,65.50,71323
20020121,65.20,65.50,62.70,63.50,17128
20020122,63.10,67.00,63.10,66.00,77588
20020123,65.90,66.30,64.20,64.20,23057
20020124,64.30,66.50,64.30,64.60,20753
20020125,65.00,65.30,62.30,62.50,32988
20020128,63.00,63.30,60.30,61.00,81521
20020129,60.50,60.50,59.00,59.90,77626
20020130,59.50,59.70,57.70,59.20,103848
20020131,59.90,60.70,59.90,60.60,28440
20020201,61.00,61.50,59.20,59.80,22918
20020204,59.00,59.20,58.20,58.50,27450
20020205,57.20,57.50,56.20,57.20,45949
20020206,57.50,59.30,57.50,59.20,14980
20020207,58.30,59.30,57.70,59.00,15448
20020208,59.00,60.00,58.60,59.20,30268
20020211,59.70,59.80,58.00,58.20,12275
20020212,58.50,58.90,58.00,58.00,54507
20020213,57.50,59.50,57.30,59.50,82835
20020214,59.60,59.60,58.10,58.60,26952
20020215,58.00,59.20,58.00,58.70,17802
20020218,58.00,58.80,57.50,58.00,27723
20020219,58.00,58.00,56.50,56.80,18070
20020220,56.50,58.00,56.50,58.00,10310
20020221,59.30,60.00,57.70,58.00,12652
20020222,57.10,58.60,57.10,58.60,15501
20020225,58.60,62.50,58.10,62.50,64590
20020226,63.50,64.50,63.30,64.50,92982
20020227,63.50,64.10,61.70,62.00,46718
20020228,62.00,62.10,60.50,62.10,26309
20020301,61.30,63.80,61.30,63.80,32536
20020304,66.00,66.20,65.50,65.50,94946
20020305,65.60,66.00,62.20,63.70,34233
20020306,63.00,63.70,62.80,62.90,30521
20020307,63.50,64.70,63.40,64.30,61628
20020308,65.00,65.00,64.20,64.50,39347
20020311,64.00,64.00,62.30,62.60,56764
20020312,62.20,62.50,61.20,61.30,55129
20020313,61.30,62.10,61.10,61.10,83729
20020314,61.80,62.00,60.80,62.00,37481
20020315,62.00,62.00,61.70,62.00,36869
20020318,62.40,62.70,60.90,61.50,5819
20020319,61.00,61.50,60.80,61.40,39853
20020320,60.80,62.00,60.80,61.90,56160
20020321,61.20,61.60,60.80,61.50,33760
20020322,61.20,62.50,61.20,61.60,14614
20020325,61.60,62.00,60.40,61.00,20376
20020326,60.40,61.40,60.00,61.30,13045
20020327,61.30,62.00,61.30,62.00,39144
20020328,62.20,62.50,61.80,62.20,58684
20020402,62.10,62.50,61.10,61.60,19249
20020403,61.00,62.00,61.00,61.70,46073
20020404,61.50,61.50,60.50,61.20,29446
20020405,60.20,61.90,60.20,61.60,29598
20020408,61.20,62.50,61.20,62.00,34103
20020409,62.50,65.40,62.00,64.30,53557
20020410,64.90,65.30,63.70,64.00,56775
20020411,64.40,64.60,63.10,63.10,32658
20020412,63.20,63.60,62.60,63.30,47226
20020415,63.40,63.80,62.80,63.30,41378
20020416,63.40,63.50,63.00,63.20,19295
20020417,63.90,64.80,63.40,64.50,38808
20020418,64.10,64.30,63.20,63.60,16263
20020419,62.30,63.80,62.30,63.40,9509
20020422,62.40,63.00,61.50,62.20,9013
20020423,61.70,62.90,61.70,61.90,8077
20020424,62.00,62.70,61.50,62.20,10038
20020425,61.60,62.30,61.10,62.20,13166
20020426,61.50,63.00,61.50,63.00,20854
20020429,62.90,63.00,62.30,62.30,16362
20020430,62.00,62.50,61.90,62.00,9903
20020502,62.90,62.90,61.50,61.50,9406
20020506,62.00,62.00,60.60,60.70,18634
20020507,60.60,60.70,58.50,59.10,45531
20020508,59.10,60.00,58.60,59.00,24860
20020509,60.40,60.40,59.30,59.80,20606
20020510,59.00,60.00,58.20,60.00,11209
20020513,58.90,59.00,58.00,58.00,13849
20020514,58.40,58.80,56.60,57.60,49307
20020515,57.50,58.00,56.60,56.70,64185
20020516,56.90,59.20,56.70,59.20,125377
20020517,59.80,60.90,58.00,58.60,143835
20020520,59.40,59.40,57.90,58.10,26227
20020521,57.50,59.00,57.50,58.70,28659
20020522,58.90,59.00,58.10,58.40,46572
20020523,57.70,58.20,57.70,58.20,24455
20020524,59.00,59.30,58.20,59.00,21182
20020527,58.30,59.70,58.30,58.90,9285
20020528,58.40,59.40,58.40,58.70,27163
20020529,58.60,58.70,57.80,58.30,24244
20020531,58.30,58.30,56.50,56.50,38377
20020603,57.10,57.80,56.70,57.80,13222
20020604,57.60,57.80,56.80,57.00,23653
20020605,57.00,57.00,56.40,56.50,40746
20020606,56.50,56.80,54.80,55.90,62571
20020607,55.10,55.30,53.40,53.60,93160
20020610,53.50,53.50,52.10,52.40,30277
20020611,52.40,53.20,52.00,52.70,93459
20020612,53.00,53.50,52.30,53.00,56521
20020613,53.20,53.60,52.80,53.00,36559
20020614,53.10,53.10,52.10,52.20,30072
20020617,52.30,54.60,52.30,54.20,51397
20020618,54.10,55.50,54.10,55.20,30480
20020619,54.50,55.50,54.00,55.50,37715
20020620,55.50,55.50,53.00,55.00,63189
20020621,54.80,55.60,54.80,55.00,25934
20020624,55.00,55.40,55.00,55.20,36278
20020625,55.00,55.70,54.60,55.50,29257
20020626,53.70,55.40,53.30,55.00,57146
20020627,55.30,56.90,55.30,56.60,37459
20020628,56.40,57.00,56.00,56.00,39848
20020701,55.30,56.10,55.20,55.20,35119
20020702,55.80,55.80,53.30,54.10,79643
20020703,53.00,53.40,52.50,53.10,78941
20020704,54.00,54.80,53.00,53.20,40945
20020705,51.60,54.20,51.30,53.40,91566
20020708,52.90,54.90,52.90,54.80,66414
20020709,54.90,55.40,54.70,55.30,48298
20020710,55.20,55.70,54.00,54.00,134177
20020711,53.90,53.90,51.60,52.00,54578
20020712,53.60,53.60,50.50,51.10,99196
20020715,50.70,50.70,49.10,49.40,51050
20020716,49.30,49.30,47.40,47.80,68204
20020717,48.50,49.80,47.90,49.80,30081
20020718,50.10,50.50,48.00,49.10,40652
20020719,48.10,48.10,46.10,47.60,40023
20020722,47.50,48.10,46.20,47.20,46303
20020723,47.30,48.40,47.30,47.50,25867
20020724,47.50,48.00,46.00,47.10,101520
20020725,47.50,48.30,46.50,47.00,57838
20020726,47.00,50.00,46.70,49.60,73036
20020729,49.60,49.80,48.70,49.20,28433
20020730,49.50,52.20,49.00,51.10,72361
20020731,50.60,54.30,50.60,52.30,87684
20020801,53.00,54.20,53.00,53.70,41809
20020802,53.00,54.90,53.00,54.10,56990
20020805,54.00,54.40,52.80,53.40,34395
20020806,52.90,53.80,52.80,53.50,37843
20020807,53.40,54.30,52.80,52.80,67347
20020808,52.60,53.40,52.40,53.00,30216
20020809,53.00,53.00,52.40,52.40,45358
20020812,52.30,52.40,51.60,52.00,22897
20020813,54.40,54.40,51.90,52.60,48962
20020814,52.90,53.30,51.80,52.90,52567
20020816,53.00,53.70,53.00,53.10,45812
20020819,53.50,53.50,52.80,53.10,19929
20020820,52.80,53.40,52.80,53.10,16027
20020821,53.20,54.90,53.00,54.60,61511
20020822,54.60,56.40,54.60,56.00,105657
20020823,55.10,56.40,55.10,56.20,47265
20020826,56.40,57.00,55.80,57.00,17139
20020827,56.50,60.30,56.50,60.20,93325
20020828,59.40,59.40,55.50,56.70,75402
20020829,56.10,57.00,55.00,56.00,53969
20020830,55.50,56.30,55.50,56.00,62813
20020902,56.00,56.80,55.50,56.60,21345
20020903,55.20,56.80,54.00,54.70,94306
20020904,54.40,55.00,53.40,54.10,136760
20020905,54.30,55.20,53.80,54.30,38815
20020906,54.00,55.80,54.00,55.50,80531
20020909,54.80,55.70,54.80,55.40,30716
20020910,56.00,56.50,55.20,55.20,87777
20020911,55.60,55.60,53.50,54.70,87420
20020912,55.00,55.00,53.30,54.20,41551
20020913,53.30,54.00,53.30,53.50,28495
20020916,53.50,54.50,53.50,53.70,33035
20020917,54.60,55.00,53.30,53.30,75375
20020918,53.00,53.00,51.10,51.70,79069
20020919,51.50,51.80,51.30,51.60,25919
20020920,53.00,53.50,52.00,53.20,85893
20020923,54.00,54.00,52.60,52.70,15391
20020924,52.70,52.70,51.00,51.40,51427
20020925,51.10,53.20,51.10,52.50,42347
20020926,53.00,53.20,52.40,52.70,16671
20020927,52.70,52.70,50.20,52.00,62205
20020930,51.20,51.20,50.00,50.80,25310
20021001,51.50,51.50,50.60,50.60,4741
20021002,51.70,51.80,50.80,50.80,8784
20021003,51.20,51.30,50.50,51.20,57890
20021004,51.80,52.40,51.30,52.20,55507
20021007,51.70,52.00,51.00,51.10,13506
20021008,51.30,52.00,51.30,51.90,20755
20021009,52.50,52.50,51.70,51.80,10904
20021010,52.50,52.90,51.70,52.80,71796
20021011,53.30,55.50,53.30,54.90,75571
20021014,54.20,57.00,54.10,55.90,78899
20021015,56.90,57.70,56.20,57.70,63716
20021016,57.20,58.60,56.00,57.10,79907
20021017,57.30,57.40,54.10,56.40,35420
20021018,56.00,57.50,56.00,57.30,41320
20021021,57.40,57.90,56.00,57.00,138307
20021022,57.20,57.20,56.70,56.70,52478
20021023,56.80,57.40,56.40,56.40,26220
20021024,56.50,56.80,55.60,56.00,51192
20021025,56.00,56.10,55.20,55.30,21226
20021028,55.70,56.20,55.20,56.20,61853
20021029,56.30,57.40,56.30,56.80,32282
20021030,56.10,56.10,55.10,55.20,40256
20021031,55.30,55.30,54.10,54.10,30268
20021104,55.40,55.40,53.80,53.90,20066
20021105,53.70,53.70,52.20,52.50,98284
20021106,52.90,53.00,50.50,50.50,61280
20021107,51.00,51.50,50.80,51.10,10470
20021108,51.00,51.80,51.00,51.80,6718
20021112,51.90,52.60,51.00,51.30,12135
20021113,51.50,51.70,51.00,51.60,41594
20021114,51.80,52.60,51.60,51.90,54611
20021115,52.00,52.10,51.20,51.20,19124
20021118,51.10,52.00,51.10,51.80,27962
20021119,51.60,52.60,51.20,52.50,50025
20021120,52.10,52.70,52.10,52.50,79898
20021121,53.00,55.00,53.00,55.00,66250
20021122,55.20,56.00,54.60,55.30,85707
20021125,55.20,55.60,54.40,55.60,83713
20021126,54.80,55.40,54.80,55.10,96716
20021127,55.00,55.40,54.10,54.10,25234
20021128,54.10,54.50,53.30,54.10,17502
20021129,54.40,55.00,54.00,54.50,46297
20021202,54.30,55.80,54.30,55.80,31866
20021203,55.00,55.70,54.70,55.30,75346
20021204,55.00,55.30,53.70,53.70,35757
20021205,54.40,55.00,53.90,54.70,35158
20021206,54.70,54.70,53.40,53.70,30106
20021209,53.50,54.10,52.70,53.30,48391
20021210,52.90,53.30,52.40,52.60,20029
20021211,52.90,53.50,52.30,52.50,28863
20021212,52.80,54.00,52.50,53.60,64036
20021213,53.00,53.70,53.00,53.50,14753
20021216,53.60,53.90,53.00,53.00,40006
20021217,53.10,53.10,51.80,52.80,28553
20021218,52.70,52.80,50.80,50.90,120752
20021219,51.00,51.20,48.60,50.40,106742
20021220,50.40,50.40,49.50,49.50,104137
20021223,50.10,50.10,49.60,50.00,26294
20021227,50.30,50.30,49.70,49.70,14303
20021230,50.00,50.00,49.50,49.50,19059
20021231,49.70,50.00,49.10,49.10,11405
20030102,49.10,49.10,47.80,48.00,30954
20030103,49.40,49.80,49.30,49.70,185066
20030106,51.00,51.00,49.40,50.00,60853
20030107,50.40,50.50,49.70,49.70,78299
20030108,49.60,49.90,49.00,49.00,12644
20030109,49.00,49.00,45.80,46.70,148145
20030110,46.90,47.60,45.00,46.50,142268
20030113,47.30,48.10,46.80,47.50,111242
20030114,48.10,49.10,47.50,47.80,196394
20030115,48.00,48.60,47.50,48.20,59604
20030116,48.00,48.00,47.10,47.30,116913
20030117,46.50,47.20,46.20,46.70,60412
20030120,47.10,47.20,46.30,46.90,27974
20030121,47.20,47.80,46.30,46.80,35597
20030122,46.80,46.80,45.00,45.50,172340
20030123,45.70,46.50,45.30,46.00,62069
20030124,46.00,46.00,43.20,44.30,52239
20030127,43.70,43.80,42.30,43.80,70971
20030128,43.30,44.40,43.10,44.00,13503
20030129,43.10,44.00,42.20,44.00,12860
20030130,44.00,45.00,44.00,44.00,15758
20030131,44.00,44.80,43.90,44.80,39601
20030203,45.20,45.50,43.80,44.70,38278
20030204,44.70,45.10,43.70,43.70,108377
20030205,43.60,44.50,43.50,43.90,6104
20030206,44.20,44.20,43.60,43.70,32554
20030207,43.60,44.20,43.60,44.00,19327
20030210,43.90,44.70,43.80,43.80,19367
20030211,44.00,44.70,43.60,43.70,15808
20030212,44.00,44.00,43.10,43.40,3747
20030213,43.30,44.50,43.10,44.50,57079
20030214,44.10,44.50,43.50,43.50,19900
20030217,44.30,44.40,43.30,43.80,51031
20030218,43.40,43.70,42.50,43.10,93167
20030219,43.00,43.30,42.00,42.00,23552
20030220,42.40,42.80,41.20,42.80,46421
20030221,42.40,43.60,42.40,43.10,27011
20030224,43.10,43.50,42.40,42.40,19512
20030225,42.40,42.40,41.20,41.80,63295
20030226,41.90,42.20,41.80,42.00,36935
20030227,41.80,42.90,41.80,42.60,76904
20030228,42.80,43.50,42.50,42.50,35731
20030303,42.80,42.80,42.20,42.20,48306
20030304,42.00,42.00,41.00,41.10,98449
20030305,41.00,41.20,40.60,40.60,52069
20030306,40.50,41.50,40.50,40.50,134468
20030307,40.50,41.20,40.20,41.00,150124
20030310,41.70,43.00,41.60,42.80,68555
20030311,42.00,43.20,41.80,43.00,43497
20030312,42.80,43.00,42.20,42.60,26184
20030313,43.10,44.20,43.00,43.00,89869
20030314,43.70,43.80,42.10,42.10,13630
20030317,41.80,42.10,41.50,41.60,13353
20030318,42.30,43.00,41.50,41.80,66951
20030319,41.90,42.10,41.50,41.60,26119
20030320,42.00,42.00,41.70,41.70,13555
20030321,42.20,43.10,42.20,42.70,34080
20030324,42.50,43.30,42.40,43.00,181586
20030325,42.60,43.20,42.00,42.60,105525
20030326,42.90,43.00,42.40,42.90,92909
20030327,42.50,42.60,42.20,42.50,28859
20030328,42.30,42.30,41.90,42.10,33585
20030331,41.70,42.50,41.30,42.50,12032
20030401,42.70,42.90,41.50,42.20,7899
20030402,42.50,42.70,42.20,42.50,69075
20030403,42.60,45.20,42.20,44.10,300092
20030404,44.00,45.00,43.60,44.50,160510
20030407,45.70,46.20,45.20,45.50,68461
20030408,45.00,45.20,44.50,44.80,93592
20030409,44.70,45.70,44.20,44.90,48876
20030410,44.90,44.90,44.00,44.50,63300
20030411,44.40,44.90,44.20,44.70,32189
20030414,44.20,44.30,43.80,43.80,44525
20030415,43.90,44.00,42.50,42.90,65042
20030416,43.10,43.50,41.80,41.80,64263
20030417,41.70,41.80,41.30,41.50,90323
20030422,41.50,42.00,41.30,41.70,20261
20030423,42.00,42.20,41.50,41.60,76593
20030424,41.60,41.60,40.60,41.00,84074
20030425,41.00,41.50,40.80,40.90,29973
20030428,40.80,41.40,40.80,41.00,29753
20030429,41.40,41.40,40.60,40.60,15150
20030430,40.60,40.90,40.40,40.80,49213
20030502,41.00,41.20,41.00,41.10,121063
20030505,41.50,42.60,41.50,42.10,60386
20030506,42.50,42.90,42.10,42.70,49466
20030507,42.40,42.90,42.20,42.60,140201
20030508,42.70,43.30,42.70,43.00,129819
20030509,42.90,44.40,42.90,43.70,86616
20030512,43.30,43.80,43.00,43.20,21566
20030513,42.50,43.40,42.10,42.80,132757
20030514,42.80,44.60,42.80,44.40,78079
20030515,44.10,44.70,43.40,43.50,57779
20030516,43.80,44.00,43.20,43.20,8429
20030519,43.00,44.40,42.70,44.20,35732
20030520,44.40,45.30,44.40,45.10,112137
20030521,45.00,46.40,44.60,46.40,129159
20030522,46.50,47.60,46.50,47.20,92839
20030523,47.30,47.60,47.10,47.50,151712
20030526,47.50,48.00,47.50,47.90,93292
20030527,47.20,47.50,46.10,46.10,69618
20030528,46.30,47.50,46.30,47.00,42229
20030529,47.00,47.50,46.50,46.50,34664
20030530,46.50,46.80,46.10,46.30,40868
20030602,46.40,46.90,46.10,46.10,45268
20030603,46.20,47.00,46.10,46.50,59623
20030604,46.50,47.60,46.00,46.20,86143
20030605,46.30,46.90,46.20,46.20,74161
20030606,46.50,46.80,45.80,46.40,71354
20030609,46.30,46.70,45.60,46.00,58701
20030610,45.80,45.80,45.40,45.60,30338
20030611,45.20,46.50,45.10,46.50,25251
20030612,46.50,46.50,45.80,46.30,66680
20030613,46.40,46.90,46.20,46.40,74787
20030616,46.30,46.60,45.90,46.60,23413
20030617,46.60,46.90,46.50,46.80,39496
20030618,46.80,48.00,46.80,47.70,148152
20030620,48.00,48.70,48.00,48.60,120962
20030623,48.30,48.60,47.50,47.50,10684
20030624,47.30,47.80,45.90,46.10,35127
20030625,46.00,46.90,46.00,46.30,60168
20030626,46.30,46.60,46.10,46.50,28567
20030627,46.70,46.70,46.20,46.40,28349
20030630,46.20,46.30,46.00,46.10,17598
20030701,46.00,46.10,44.90,44.90,65690
20030702,45.00,45.30,44.60,45.30,48405
20030703,45.40,47.00,45.00,46.80,71343
20030704,46.20,47.40,46.10,47.00,78887
20030707,47.10,48.70,46.50,48.50,137073
20030708,48.70,50.70,48.50,48.70,195191
20030709,47.60,50.10,47.60,49.90,335327
20030710,49.90,51.80,49.40,51.50,181359
20030711,51.50,52.70,51.40,52.00,265017
20030714,52.10,54.80,52.10,54.50,131274
20030715,54.70,54.90,53.00,53.70,107470
20030716,53.50,54.50,47.40,52.20,154222
20030717,51.20,52.80,51.20,51.80,128491
20030718,51.60,53.50,51.60,53.50,195901
20030721,53.90,54.00,52.20,53.80,76605
20030722,53.50,53.50,52.80,53.00,28511
20030723,53.00,53.00,51.70,52.10,54254
20030724,52.00,52.60,51.80,52.30,26383
20030725,52.00,52.50,51.60,52.00,29255
20030728,51.60,53.40,51.60,52.10,78438
20030729,52.40,53.00,51.90,52.00,55771
20030730,52.10,52.20,51.60,51.60,11287
20030731,51.60,53.20,51.60,52.90,75753
20030801,52.90,53.40,52.20,52.40,39477
20030804,53.10,53.10,52.50,52.60,15529
20030805,52.20,53.00,51.90,52.60,26930
20030806,52.10,52.70,51.90,52.00,28941
20030807,52.10,54.90,51.30,54.20,124199
20030808,54.00,54.50,53.00,53.60,63536
20030811,53.80,54.00,53.00,54.00,27163
20030812,54.60,55.80,54.10,55.10,122496
20030813,55.00,55.70,54.40,54.60,77328
20030814,54.60,56.20,54.60,55.70,66397
20030818,55.70,56.10,54.90,56.10,52167
20030819,56.10,57.10,55.80,56.90,59351
20030820,56.60,56.70,55.00,55.50,51973
20030821,55.50,56.50,54.90,56.50,93926
20030822,56.50,57.90,56.50,57.90,171236
20030825,57.50,58.00,56.20,57.50,50958
20030826,58.00,59.00,57.60,58.00,48417
20030827,59.00,59.90,59.00,59.80,261412
20030828,59.90,60.50,59.50,60.40,81968
20030829,61.90,62.50,61.30,62.50,59734
20030901,64.00,67.50,63.50,67.50,72534
20030902,68.00,68.10,63.00,66.00,169613
20030903,66.10,66.90,65.10,66.00,194355
20030904,65.00,65.80,64.50,64.50,70179
20030905,63.40,64.00,60.20,60.20,136779
20030908,59.50,60.60,57.20,60.20,83000
20030909,60.60,60.60,56.30,57.10,134423
20030910,57.40,58.40,57.00,57.60,161239
20030911,57.70,59.60,57.50,59.40,136061
20030912,59.70,59.70,58.00,58.00,53741
20030915,58.00,58.50,57.00,57.10,31926
20030916,56.90,58.10,55.20,58.00,100644
20030917,59.00,59.00,56.00,56.90,76566
20030918,56.40,56.40,55.00,55.00,49818
20030919,55.10,55.80,54.00,55.00,84643
20030922,55.00,55.00,52.60,52.60,49300
20030923,52.60,53.80,52.30,53.00,42200
20030924,52.90,53.80,52.90,53.60,55340
20030925,53.00,54.40,52.90,53.40,107177
20030926,54.10,55.50,53.80,55.40,45187
20030929,55.90,55.90,54.10,55.30,16362
20030930,54.30,54.70,53.40,53.60,28199
20031001,53.90,54.20,53.10,53.50,77010
20031002,53.90,53.90,53.40,53.80,71600
20031003,54.20,54.90,53.60,54.60,57725
20031006,54.90,55.30,54.30,54.80,74436
20031007,55.70,57.70,55.10,57.00,262530
20031008,58.00,59.40,57.90,58.00,157111
20031009,57.90,59.20,57.50,58.00,158380
20031010,57.70,58.50,56.50,58.00,52362
20031013,57.90,57.90,54.20,54.70,164054
20031014,54.50,55.60,53.30,55.00,231171
20031015,54.60,56.00,54.60,54.60,122573
20031016,54.60,54.60,53.00,53.00,118725
20031017,53.00,53.40,50.50,50.90,99373
20031020,50.90,52.10,50.30,50.60,62707
20031021,51.30,51.30,47.10,47.30,133710
20031022,47.50,48.90,47.20,47.30,373618
20031023,46.90,49.00,45.80,48.30,219891
20031024,48.60,48.70,46.50,48.50,200848
20031027,48.90,49.20,47.20,48.00,131554
20031028,48.50,48.70,47.20,48.50,145273
20031029,49.20,49.20,48.30,48.60,128791
20031030,48.90,50.80,48.40,50.00,221534
20031031,50.00,50.50,49.60,49.60,64432
20031103,49.60,50.00,48.30,48.50,81713
20031104,48.80,48.80,47.70,47.80,23655
20031105,47.80,48.30,47.10,47.40,31472
20031106,47.00,47.00,46.40,46.60,157375
20031107,47.00,47.00,46.10,46.20,63048
20031110,46.60,46.60,45.90,46.00,44055
20031112,46.80,46.90,45.60,46.10,126703
20031113,46.60,46.90,45.90,45.90,189705
20031114,46.10,46.40,45.60,45.60,118441
20031117,45.30,45.30,44.20,44.70,145927
20031118,44.70,44.90,43.50,43.70,123333
20031119,43.50,43.90,43.10,43.10,121624
20031120,43.50,43.60,42.00,42.20,141076
20031121,42.50,43.80,42.50,43.60,113854
20031124,43.70,44.40,43.40,43.80,132405
20031125,43.90,44.00,42.70,42.90,58475
20031126,42.90,43.80,42.80,43.30,49313
20031127,43.80,44.40,43.20,44.20,135212
20031128,44.30,44.70,43.40,43.80,72696
20031201,44.10,46.00,44.10,46.00,116786
20031202,46.10,46.50,45.50,45.90,99894
20031203,46.00,46.80,45.60,46.60,46385
20031204,46.40,46.40,44.10,45.50,37823
20031205,45.40,45.80,44.60,45.30,37879
20031208,45.00,46.90,44.50,46.90,43670
20031209,46.80,47.50,46.40,47.00,61303
20031210,46.50,46.50,45.50,46.00,20533
20031211,46.20,48.30,46.20,48.00,127731
20031212,48.50,51.00,48.30,50.40,241638
20031215,50.80,51.80,49.90,49.90,110791
20031216,49.90,49.90,49.20,49.60,88327
20031217,49.50,49.60,49.30,49.40,27457
20031218,49.50,50.50,49.20,50.10,136096
20031219,49.60,50.10,48.70,49.60,72002
20031222,49.00,49.90,49.00,49.50,31579
20031223,49.60,50.30,49.40,50.00,42916
20031229,50.00,50.00,49.50,50.00,15107
20031230,50.00,50.80,50.00,50.80,40365
20031231,50.90,51.90,50.70,51.10,38627
20040102,50.80,52.10,50.80,52.00,108748
20040105,52.30,54.40,52.20,54.10,153059
20040106,54.40,54.50,52.50,53.40,60299
20040107,53.90,53.90,52.00,53.10,106597
20040108,54.00,54.30,53.20,53.20,89366
20040109,53.20,53.20,50.30,51.50,171136
20040112,51.70,51.70,49.60,51.50,78733
20040113,51.80,52.80,51.30,52.40,120334
20040114,52.00,52.50,51.40,52.00,60342
20040115,51.30,52.60,51.30,52.50,76889
20040116,52.60,52.80,51.80,52.00,63711
20040119,52.00,52.60,51.10,51.50,60292
20040120,51.50,51.90,50.10,50.10,40778
20040121,50.60,51.00,50.00,50.50,38199
20040122,50.70,51.50,50.10,51.20,56662
20040123,51.40,52.30,51.00,51.50,131533
20040126,51.40,51.40,50.50,51.00,24560
20040127,50.90,51.00,50.40,50.50,71811
20040128,50.00,50.00,47.50,48.00,169988
20040129,47.20,47.80,46.90,47.00,118826
20040130,47.50,47.50,46.50,46.70,76145
20040202,46.90,46.90,46.60,46.60,48465
20040203,46.60,46.90,45.50,45.90,53421
