<DTYYYYMMDD>,<OPEN>,<HIGH>,<LOW>,<CLOSE>,<VOL>
20010102,25.20,25.70,25.00,25.30,82033
20010103,25.20,25.60,24.00,24.40,422834
20010104,25.00,25.00,24.00,24.10,387699
20010105,23.80,24.00,22.40,22.70,1938194
20010108,22.50,22.70,21.50,22.00,1445135
20010109,22.20,22.50,21.00,22.50,1338734
20010110,22.30,22.40,21.70,21.90,492566
20010111,22.00,22.50,21.70,22.40,799497
20010112,22.60,22.80,22.30,22.60,699378
20010115,22.50,22.90,22.00,22.20,448718
20010116,22.00,22.60,21.90,22.30,397739
20010117,22.50,22.90,22.30,22.60,364253
20010118,22.60,23.60,22.60,23.20,1320892
20010119,24.00,24.60,23.80,24.40,1007243
20010122,24.60,24.60,23.60,23.80,405370
20010123,23.60,24.30,23.50,24.30,291743
20010124,24.50,24.60,24.10,24.10,158299
20010125,24.10,24.20,23.90,24.10,191566
20010126,23.90,24.70,23.90,24.70,511990
20010129,24.80,25.60,24.60,25.50,168283
20010130,25.80,26.00,25.50,25.50,329111
20010131,25.40,25.40,24.80,25.00,242049
20010201,24.80,24.90,24.40,24.60,323854
20010202,24.70,25.00,24.60,25.00,130227
20010205,24.90,25.00,24.20,24.60,808778
20010206,25.00,25.00,24.20,24.80,432068
20010207,24.90,24.90,24.10,24.20,341162
20010208,24.10,24.50,24.10,24.20,267348
20010209,24.30,24.50,24.20,24.20,113866
20010212,23.70,24.00,23.60,23.90,155447
20010213,23.90,24.50,23.90,24.30,187785
20010214,24.00,24.40,24.00,24.40,123923
20010215,24.50,24.70,24.20,24.60,373115
20010216,24.50,24.90,24.00,24.20,255651
20010219,24.00,24.30,23.90,24.10,186782
20010220,24.20,24.90,24.00,24.00,230327
20010221,24.00,24.00,23.30,24.00,326344
20010222,23.10,23.80,22.60,23.00,403291
20010223,23.10,23.70,23.00,23.00,210455
20010226,23.60,23.70,23.30,23.50,118650
20010227,23.20,23.60,22.80,23.00,192699
20010228,22.40,23.20,22.40,23.10,242049
20010301,22.90,22.90,22.00,22.00,259414
20010302,21.80,22.30,21.80,22.00,330813
20010305,22.10,22.40,21.80,22.30,127234
20010306,22.40,22.80,22.40,22.50,173538
20010307,22.10,22.50,21.90,22.30,254559
20010308,22.40,22.40,22.10,22.10,120092
20010309,22.10,22.10,20.40,20.40,209789
20010312,19.85,19.90,18.45,18.65,750168
20010313,18.40,19.35,18.40,19.15,452653
20010314,19.40,19.50,18.60,18.95,548697
20010315,19.10,19.60,19.10,19.40,282452
20010316,19.40,20.10,19.35,20.10,211224
20010319,20.10,21.00,20.10,20.80,108547
20010320,21.10,21.10,20.70,20.80,136944
20010321,20.60,20.80,19.90,20.20,360866
20010322,20.00,20.30,19.40,19.40,239396
20010323,20.10,20.10,19.50,19.75,154894
20010326,20.20,20.70,19.90,20.50,274195
20010327,20.50,20.90,20.10,20.70,136897
20010328,21.00,21.10,20.70,20.90,195801
20010329,20.20,20.80,20.20,20.60,158169
20010330,20.50,20.70,20.50,20.70,79382
20010402,20.40,20.70,20.10,20.40,291922
20010403,20.10,20.30,19.70,19.75,135796
20010404,19.40,19.75,19.30,19.70,97234
20010405,19.85,19.90,19.40,19.45,179352
20010406,19.50,19.50,19.05,19.35,271790
20010409,19.25,19.45,19.15,19.30,111324
20010410,19.30,19.95,19.25,19.40,244049
20010411,19.35,19.55,19.30,19.35,348824
20010412,19.40,19.40,19.15,19.20,152193
20010417,18.75,19.00,18.60,18.75,67747
20010418,19.00,19.45,18.95,19.40,362037
20010419,20.00,20.50,19.90,20.30,844445
20010420,20.10,21.00,19.90,20.70,1080047
20010423,20.00,20.50,19.95,20.10,485738
20010424,20.20,20.30,19.70,19.90,400114
20010425,19.80,20.00,19.65,19.95,309198
20010426,20.10,20.20,19.95,19.95,205004
20010427,20.00,20.40,19.85,20.30,356652
20010430,20.40,20.70,20.20,20.20,165675
20010502,20.30,20.90,20.30,20.60,273039
20010504,20.50,20.90,20.50,20.80,466186
20010507,20.80,21.50,20.70,21.00,229828
20010508,21.00,21.00,20.50,20.50,122029
20010509,20.30,20.50,20.10,20.50,149268
20010510,20.40,21.30,20.40,21.10,391058
20010511,21.00,21.90,21.00,21.60,696202
20010514,21.40,22.40,21.40,22.40,273676
20010515,22.20,22.40,21.70,21.70,212042
20010516,21.30,21.60,21.10,21.40,192584
20010517,22.20,22.20,21.50,21.60,369988
20010518,21.30,21.80,21.30,21.60,204127
20010521,21.60,22.80,21.60,22.80,391767
20010522,22.90,23.30,22.90,23.00,277619
20010523,22.80,23.10,22.70,22.80,356496
20010524,22.70,22.70,21.90,22.50,318875
20010525,22.40,22.50,22.30,22.50,126730
20010528,22.20,23.00,22.20,23.00,132891
20010529,23.20,23.30,22.90,23.30,236325
20010530,23.00,23.00,22.40,22.40,244225
20010531,22.00,22.80,22.00,22.70,304352
20010601,22.70,22.70,22.20,22.30,270223
20010604,22.20,22.30,21.40,21.50,93926
20010605,21.30,22.00,21.30,22.00,241737
20010606,21.90,21.90,20.70,20.80,446744
20010607,20.40,20.50,19.80,19.95,392163
20010608,20.00,20.50,19.55,19.65,206634
20010611,19.30,19.65,19.15,19.40,240110
20010612,19.30,19.80,18.90,19.10,465963
20010613,19.75,19.75,18.95,19.20,275285
20010615,18.90,18.95,18.20,18.35,452368
20010618,18.30,18.55,18.10,18.40,506662
20010619,18.50,18.50,17.55,18.00,336674
20010620,17.50,17.80,17.25,17.30,246873
20010621,17.30,17.90,17.30,17.90,158074
20010622,18.00,18.15,17.70,17.80,87581
20010625,17.60,18.05,17.60,17.95,261312
20010626,18.00,18.00,17.35,17.35,172903
20010627,17.70,17.70,17.10,17.10,184327
20010628,17.00,17.20,16.70,17.00,78023
20010629,17.25,17.40,16.70,16.75,79797
20010702,16.60,16.85,16.30,16.50,72254
20010703,16.50,16.60,16.25,16.35,147434
20010704,16.40,16.75,16.35,16.50,378153
20010705,16.55,17.15,16.50,17.05,230584
20010706,17.10,18.20,17.10,18.20,637014
20010709,18.30,18.45,17.20,18.25,548766
20010710,18.15,18.15,17.55,17.65,262098
20010711,17.50,18.10,17.00,17.75,336128
20010712,18.20,18.50,18.05,18.40,336219
20010713,18.50,18.50,18.10,18.20,467625
20010716,17.75,17.85,17.55,17.75,184774
20010717,17.65,17.65,17.35,17.40,228647
20010718,17.50,17.70,17.25,17.70,184030
20010719,17.70,17.70,17.15,17.20,291158
20010720,17.25,17.25,15.95,16.10,224768
20010723,15.90,16.25,15.80,15.85,126876
20010724,16.15,16.15,15.80,15.90,89092
20010725,16.25,16.25,15.90,15.95,100550
20010726,16.10,16.65,16.10,16.50,79888
20010727,16.55,17.30,16.55,17.15,65070
20010730,17.30,17.30,16.85,17.20,145096
20010731,17.05,17.05,16.90,16.90,105686
20010801,16.80,16.95,16.45,16.55,151179
20010802,16.80,16.85,16.60,16.65,140088
20010803,16.55,16.90,16.40,16.45,80539
20010806,16.50,16.70,16.30,16.35,204566
20010807,16.20,16.30,16.15,16.25,66710
20010808,16.10,16.30,16.05,16.05,48604
20010809,16.05,16.05,15.00,15.30,155095
20010810,15.40,15.50,14.60,14.75,142299
20010813,14.80,14.80,13.55,13.60,229298
20010814,13.60,13.80,13.55,13.65,183870
20010816,13.60,13.70,12.75,12.95,350883
20010817,12.40,13.15,12.40,13.15,259798
20010820,13.40,14.00,13.35,13.65,322690
20010821,13.85,14.05,13.70,14.00,294592
20010822,14.00,14.50,14.00,14.30,185981
20010823,14.40,14.60,14.15,14.50,301585
20010824,14.55,15.15,14.35,15.15,252311
20010827,15.90,15.90,14.70,15.00,164891
20010828,14.70,15.00,14.70,14.85,135345
20010829,14.85,14.90,14.50,14.60,104115
20010830,14.65,15.05,14.65,14.95,147282
20010831,15.00,15.65,15.00,15.60,196270
20010903,15.40,16.40,15.40,15.85,297859
20010904,15.95,16.00,14.85,15.05,152742
20010905,15.00,15.45,14.90,15.25,212344
20010906,15.30,15.75,15.30,15.65,356325
20010907,15.55,15.55,14.85,14.95,235536
20010910,14.85,14.90,14.50,14.65,166561
20010911,14.85,14.85,13.95,14.00,366927
20010912,13.65,14.25,13.65,14.15,160952
20010913,14.25,14.30,14.10,14.15,90886
20010914,14.35,14.35,13.25,13.30,123584
20010917,12.75,13.10,12.60,12.95,441390
20010918,13.05,13.05,12.55,12.65,271458
20010919,12.85,13.10,12.70,12.90,184300
20010920,12.75,12.75,12.15,12.25,271188
20010921,11.85,11.85,10.45,10.70,682023
20010924,11.20,11.30,9.95,10.65,488499
20010925,10.75,11.15,10.35,11.00,259288
20010926,11.05,11.30,10.95,10.95,671710
20010927,10.85,11.05,10.45,10.60,905621
20010928,10.70,10.85,10.25,10.60,390944
20011001,10.45,10.55,9.85,10.20,389622
20011002,10.25,10.40,9.95,10.30,505627
20011003,10.35,10.35,9.95,10.00,538382
20011004,10.40,10.45,10.30,10.35,555127
20011005,10.20,10.40,10.20,10.30,225247
20011008,10.15,10.25,10.00,10.15,348819
20011009,10.35,10.75,10.35,10.65,605117
20011010,10.65,11.45,10.55,11.30,1841604
20011011,11.65,11.90,10.75,11.10,2631377
20011012,10.90,10.90,10.45,10.70,1199612
20011015,10.40,10.40,9.95,10.20,952293
20011016,10.50,10.85,10.40,10.65,1141613
20011017,11.25,11.30,10.70,11.00,1745791
20011018,10.75,11.10,10.60,11.00,490054
20011019,11.00,11.20,10.90,10.95,873707
20011022,11.10,11.60,11.10,11.45,1018618
20011023,11.65,11.75,11.25,11.30,684446
20011024,11.25,11.60,11.25,11.60,494887
20011025,11.75,12.00,11.35,11.35,868383
20011026,11.65,12.95,11.65,12.50,1922755
20011029,12.70,12.85,12.10,12.60,2570926
20011030,12.25,12.70,11.75,11.75,1603415
20011031,12.00,12.00,11.45,11.70,828951
20011102,12.10,12.20,11.80,12.00,882132
20011105,12.10,12.10,11.80,11.95,281880
20011106,12.10,12.15,11.90,11.95,283785
20011107,11.90,12.40,11.75,12.20,333921
20011108,12.30,12.80,12.05,12.80,572575
20011109,12.80,13.50,12.75,13.20,1283127
20011112,13.45,13.70,13.20,13.40,1129356
20011113,13.80,14.60,13.75,14.60,927800
20011114,15.05,15.35,14.85,15.10,1461825
20011115,15.35,15.35,14.75,14.80,1247722
20011116,14.80,15.00,14.55,14.65,615820
20011119,14.80,15.10,14.55,14.80,593176
20011120,14.90,15.05,14.65,14.90,599119
20011121,14.80,14.85,14.30,14.30,762192
20011122,14.15,14.50,13.50,14.50,847798
20011123,14.60,14.60,14.20,14.40,324340
20011126,14.50,14.55,14.30,14.45,268622
20011127,14.50,15.20,14.50,14.80,693619
20011128,15.00,15.00,14.50,14.70,366650
20011129,14.65,14.85,14.45,14.45,214533
20011130,14.55,14.75,14.00,14.05,406769
20011203,13.95,14.45,13.80,14.40,249863
20011204,14.35,14.60,14.35,14.60,196623
20011205,14.75,14.90,14.50,14.80,555062
20011206,15.10,15.25,14.75,14.80,517089
20011207,14.75,15.00,14.55,14.80,242750
20011210,14.65,14.75,14.45,14.50,303729
20011211,14.35,14.50,14.10,14.45,487752
20011212,14.50,14.50,14.35,14.50,121677
20011213,14.35,14.35,13.55,13.55,650185
20011214,13.25,13.60,13.10,13.50,265474
20011217,13.45,13.85,13.45,13.65,186179
20011218,13.60,14.10,13.20,14.05,802187
20011219,14.10,14.10,13.75,13.90,338671
20011220,13.70,13.70,13.25,13.25,369265
20011221,12.95,12.95,12.60,12.70,897439
20011227,12.90,12.90,12.60,12.70,87272
20011228,12.85,12.90,12.70,12.90,273799
20011231,13.05,13.15,12.95,13.00,144775
20020102,13.05,13.20,12.85,13.15,251271
20020103,13.25,14.30,13.25,14.30,948189
20020104,14.55,14.95,14.45,14.50,1389756
20020107,14.50,14.95,14.35,14.60,322405
20020108,14.60,14.80,14.15,14.50,330737
20020109,14.45,16.00,14.45,15.90,1045091
20020110,15.80,17.20,15.20,15.25,1481028
20020111,15.75,16.40,15.20,16.10,1012784
20020114,15.70,15.95,15.50,15.70,356942
20020115,15.45,16.10,15.45,15.85,578229
20020116,15.90,16.10,15.80,16.00,736410
20020117,16.30,16.75,16.20,16.70,555783
20020118,16.75,16.90,16.50,16.80,560133
20020121,16.80,16.90,16.45,16.80,139169
20020122,16.80,17.40,16.60,17.40,832203
20020123,17.45,17.45,16.90,17.00,365571
20020124,17.05,17.25,16.85,16.90,206418
20020125,16.90,17.20,16.35,16.55,340618
20020128,16.85,16.85,16.15,16.15,486073
20020129,16.00,16.25,16.00,16.20,395627
20020130,15.95,16.15,15.65,15.95,277258
20020131,16.15,16.25,15.90,16.20,219616
20020201,16.60,16.90,16.40,16.50,447372
20020204,16.10,16.75,16.10,16.75,256795
20020205,16.40,16.70,16.30,16.30,316282
20020206,16.35,16.65,16.15,16.45,422461
20020207,16.20,16.30,15.70,15.95,283709
20020208,15.70,16.05,15.55,15.65,387132
20020211,15.95,15.95,15.40,15.55,133093
20020212,15.60,15.75,15.20,15.20,103152
20020213,15.10,15.25,14.90,15.25,253691
20020214,15.40,15.65,15.20,15.35,357230
20020215,15.25,15.85,15.25,15.70,486681
20020218,15.70,15.85,15.60,15.65,136033
20020219,15.55,15.55,15.30,15.50,275650
20020220,15.40,15.50,15.20,15.50,195641
20020221,15.65,15.70,15.15,15.25,292442
20020222,15.15,15.35,15.05,15.10,302748
20020225,15.05,15.15,14.95,15.10,514632
20020226,15.40,15.40,15.15,15.15,831139
20020227,15.25,15.60,15.20,15.35,727964
20020228,15.40,15.40,14.95,15.00,398973
20020301,14.85,15.00,14.75,14.90,171315
20020304,15.20,15.25,15.15,15.20,496708
20020305,15.25,15.40,14.75,14.95,582764
20020306,14.90,14.95,14.20,14.35,509553
20020307,14.35,14.40,13.50,13.90,1185569
20020308,14.00,14.15,13.90,13.90,741903
20020311,14.05,14.15,13.85,14.05,534799
20020312,14.05,14.20,13.85,13.95,517958
20020313,14.00,14.15,13.90,14.15,413694
20020314,14.25,14.35,14.10,14.15,179092
20020315,14.10,14.20,13.95,14.05,91486
20020318,14.10,14.10,13.85,14.00,155320
20020319,14.00,14.15,13.80,14.05,404559
20020320,13.95,14.45,13.95,14.45,244309
20020321,14.50,14.55,14.25,14.35,266517
20020322,14.40,14.75,14.35,14.65,653134
20020325,14.70,14.70,14.40,14.50,200692
20020326,14.40,14.45,14.20,14.40,187856
20020327,14.45,14.80,14.45,14.65,297189
20020328,14.75,14.90,14.75,14.75,193431
20020402,14.90,14.95,14.70,14.70,170416
20020403,14.65,14.80,14.65,14.75,444642
20020404,14.80,14.85,14.25,14.25,956043
20020405,14.15,14.35,13.90,14.35,451596
20020408,14.35,14.35,13.65,13.80,615305
20020409,14.00,14.10,13.85,14.10,439683
20020410,14.15,14.30,14.00,14.20,406532
20020411,14.20,14.20,13.65,13.80,640536
20020412,13.90,13.90,13.30,13.40,454869
20020415,13.30,13.50,13.20,13.40,221933
20020416,13.40,13.60,13.30,13.50,277234
20020417,13.65,13.65,13.15,13.15,199012
20020418,13.25,13.30,12.45,12.70,543118
20020419,12.60,12.65,12.20,12.35,481369
20020422,12.40,12.75,12.40,12.65,332410
20020423,12.80,12.90,12.65,12.70,172374
20020424,12.70,12.80,12.70,12.70,113991
20020425,12.65,13.20,12.50,13.20,292653
20020426,13.20,13.75,13.15,13.55,1443374
20020429,13.65,13.65,13.20,13.40,129056
20020430,13.50,13.50,12.95,12.95,156367
20020502,12.85,13.15,12.75,13.00,172849
20020506,13.00,13.10,12.85,13.00,114874
20020507,13.00,13.20,12.85,12.90,343700
20020508,13.00,13.25,12.90,13.15,411560
20020509,13.25,13.35,13.10,13.15,489459
20020510,13.20,13.25,13.05,13.20,163315
20020513,12.95,12.95,12.60,12.60,261643
20020514,11.80,12.60,11.60,12.30,496173
20020515,12.30,12.45,12.20,12.40,100332
20020516,12.35,13.35,12.35,13.35,414274
20020517,13.95,13.95,13.60,13.60,1403715
20020520,13.80,13.80,13.50,13.50,97717
20020521,13.35,14.10,13.35,14.00,367142
20020522,13.90,13.95,13.80,13.85,272250
20020523,13.65,13.85,13.65,13.70,137698
20020524,13.90,14.00,13.70,14.00,189871
20020527,13.85,14.20,13.80,13.80,126255
20020528,13.85,14.30,13.85,14.05,461387
20020529,14.15,14.20,14.10,14.20,205039
20020531,14.20,14.30,13.90,14.15,489673
20020603,14.05,14.30,14.05,14.20,128798
20020604,14.20,14.25,13.70,13.75,183884
20020605,13.80,14.10,13.75,14.10,108887
20020606,14.10,14.75,14.10,14.50,674857
20020607,14.30,14.60,14.20,14.50,182979
20020610,14.55,14.60,14.35,14.45,320044
20020611,14.55,14.70,14.45,14.55,579573
20020612,14.55,14.85,14.45,14.80,473049
20020613,14.80,15.20,14.80,15.05,242905
20020614,15.00,15.10,14.50,14.50,281414
20020617,14.65,14.70,14.40,14.50,97931
20020618,14.50,14.80,14.40,14.40,187451
20020619,14.15,14.40,14.00,14.05,334348
20020620,14.00,14.10,13.90,13.90,196804
20020621,13.75,14.40,13.70,14.30,281989
20020624,14.30,14.40,13.90,13.95,146621
20020625,14.00,14.15,13.80,14.00,236102
20020626,13.55,13.70,13.35,13.50,589227
20020627,13.60,13.75,13.60,13.70,364179
20020628,13.70,13.80,13.20,13.20,283800
20020701,13.10,13.55,13.10,13.35,128398
20020702,13.20,13.35,12.90,12.90,505627
20020703,12.60,13.10,12.50,13.00,388718
20020704,13.40,13.55,13.10,13.25,184293
20020705,13.45,13.75,13.30,13.65,402234
20020708,13.85,13.95,13.65,13.80,179846
20020709,14.05,14.40,14.00,14.35,176166
20020710,14.40,14.55,13.85,14.05,251691
20020711,13.90,13.90,13.65,13.80,294337
20020712,14.00,14.10,13.90,13.90,146140
20020715,13.70,13.90,13.70,13.80,124402
20020716,13.90,14.15,13.50,13.75,259572
20020717,13.80,14.00,13.35,13.60,529552
20020718,13.50,13.50,12.65,12.75,1159324
20020719,12.50,12.50,11.70,12.00,951841
20020722,11.80,11.80,11.10,11.20,1292566
20020723,11.40,11.50,10.70,11.50,315212
20020724,11.30,11.55,10.90,11.30,343301
20020725,11.65,11.90,11.30,11.35,608891
20020726,11.45,11.70,11.00,11.70,282878
20020729,11.70,11.85,11.40,11.60,191511
20020730,11.65,11.65,10.65,11.00,646044
20020731,11.00,11.60,11.00,11.20,435582
20020801,11.25,11.45,11.15,11.15,183612
20020802,11.10,11.30,11.05,11.25,219125
20020805,11.10,11.20,10.85,10.95,198253
20020806,10.90,11.00,10.80,10.95,355870
20020807,11.15,11.15,10.75,10.75,368439
20020808,10.90,11.00,10.85,10.90,131964
20020809,11.00,11.40,11.00,11.15,173107
20020812,11.15,11.30,11.10,11.25,100388
20020813,11.45,11.45,11.30,11.45,182716
20020814,11.35,11.35,11.15,11.20,95569
20020816,11.35,11.40,11.00,11.00,173303
20020819,11.10,11.20,10.90,10.90,66705
20020820,11.00,11.05,10.50,10.50,146397
20020821,10.50,10.85,10.40,10.75,1085191
20020822,11.10,11.30,10.90,10.95,1258552
20020823,11.00,11.15,10.90,10.95,432815
20020826,11.00,11.15,10.80,10.95,260567
20020827,11.00,11.70,11.00,11.40,1070769
20020828,11.30,11.45,10.85,10.85,971041
20020829,10.80,11.25,10.70,10.80,703599
20020830,10.95,11.05,10.85,11.00,214651
20020902,11.05,11.15,10.95,11.00,164184
20020903,10.80,10.80,10.55,10.60,496557
20020904,10.60,10.90,10.45,10.75,529315
20020905,10.85,10.85,10.50,10.50,172547
20020906,10.65,10.70,10.45,10.60,250144
20020909,10.65,10.70,10.60,10.70,143243
20020910,10.80,11.30,10.80,11.30,595701
20020911,11.40,11.90,11.25,11.75,672322
20020912,11.55,11.65,11.30,11.40,387862
20020913,11.15,11.45,11.10,11.35,170546
20020916,11.30,11.70,11.30,11.65,222826
20020917,11.95,12.20,11.60,11.60,1288373
20020918,11.40,11.55,11.20,11.35,534313
20020919,11.40,11.60,11.25,11.35,271398
20020920,11.50,11.80,11.40,11.75,506496
20020923,11.85,11.85,11.45,11.50,97978
20020924,11.45,11.45,11.05,11.15,281237
20020925,11.15,11.75,11.10,11.60,590934
20020926,11.65,11.65,11.20,11.45,221590
20020927,11.45,11.60,11.25,11.55,196073
20020930,11.25,11.50,11.15,11.25,373663
20021001,11.25,11.40,10.85,10.90,431028
20021002,11.15,11.20,10.80,10.80,215017
20021003,10.90,10.90,10.65,10.90,316367
20021004,10.90,11.15,10.80,10.85,398260
20021007,10.75,10.75,10.50,10.55,304102
20021008,10.65,10.75,10.55,10.60,149738
20021009,10.70,10.80,10.60,10.65,540783
20021010,10.80,10.90,10.65,10.85,741643
20021011,11.10,11.30,11.10,11.15,1322768
20021014,11.15,11.30,11.05,11.30,387593
20021015,11.50,11.65,11.45,11.55,629056
20021016,11.50,11.70,11.15,11.15,457381
20021017,11.25,11.35,11.10,11.30,309371
20021018,11.40,11.70,11.35,11.70,991621
20021021,11.60,11.70,11.40,11.40,367005
20021022,11.50,11.60,11.35,11.55,258170
20021023,11.60,11.60,11.30,11.50,439727
20021024,11.50,11.55,11.40,11.50,330305
20021025,11.50,11.50,11.35,11.40,296276
20021028,11.55,12.00,11.50,12.00,742971
20021029,11.95,12.35,11.90,12.05,913798
20021030,12.05,12.20,11.90,12.00,709966
20021031,12.05,12.40,12.05,12.25,666473
20021104,12.50,12.70,12.40,12.50,306828
20021105,12.50,12.55,12.10,12.20,354388
20021106,12.25,12.35,12.05,12.05,397263
20021107,12.10,12.40,12.10,12.25,653158
20021108,12.25,12.35,12.20,12.35,346762
20021112,12.30,12.45,12.20,12.35,212998
20021113,12.25,12.40,12.10,12.40,273570
20021114,12.40,12.85,12.40,12.75,1143136
20021115,12.80,12.95,12.55,12.55,342114
20021118,12.55,12.70,12.50,12.50,82756
20021119,12.50,12.70,12.40,12.65,110031
20021120,12.70,12.75,12.55,12.65,112510
20021121,12.75,13.35,12.70,13.30,1052948
20021122,13.60,13.70,13.40,13.55,809381
20021125,13.60,14.25,13.40,14.25,907229
20021126,14.15,14.30,13.80,14.00,565059
20021127,13.85,14.40,13.80,14.20,535847
20021128,14.35,14.55,14.30,14.40,426922
20021129,14.50,14.50,14.05,14.10,495840
20021202,14.00,14.65,14.00,14.40,387170
20021203,14.35,14.60,14.30,14.50,598741
20021204,14.35,14.55,14.20,14.20,436031
20021205,14.25,14.40,14.25,14.25,239034
20021206,14.25,14.30,13.95,14.10,328894
20021209,14.05,14.15,13.85,14.00,211313
20021210,13.90,13.90,13.35,13.40,742753
20021211,13.50,13.70,13.10,13.20,191921
20021212,13.40,13.50,13.35,13.50,397491
20021213,13.45,13.80,13.35,13.65,237158
20021216,13.65,13.90,13.55,13.55,533423
20021217,13.85,13.85,13.65,13.65,605606
20021218,13.60,13.70,13.05,13.15,673799
20021219,13.15,13.30,12.85,13.10,705813
20021220,13.00,13.10,12.90,12.95,532450
20021223,13.05,13.40,13.05,13.40,212695
20021227,13.40,13.70,13.40,13.65,283938
20021230,13.65,13.75,13.50,13.55,37750
20021231,13.60,13.60,13.50,13.50,92570
20030102,13.55,13.60,13.30,13.50,116072
20030103,13.95,14.05,13.65,13.90,1242862
20030106,14.00,14.05,13.65,13.90,250918
20030107,13.95,14.05,13.80,14.00,588852
20030108,13.85,14.05,13.75,13.80,721767
20030109,13.75,13.85,13.65,13.85,402842
20030110,13.90,14.30,13.90,14.10,1024424
20030113,14.25,14.45,14.10,14.35,737846
20030114,14.30,14.40,14.10,14.15,406427
20030115,14.20,14.45,14.20,14.30,364301
20030116,14.25,14.25,13.85,14.20,497940
20030117,14.05,14.10,13.90,13.95,154401
20030120,14.00,14.05,13.90,13.95,109353
20030121,14.10,14.20,13.95,14.05,368014
20030122,14.00,14.05,13.90,14.00,373652
20030123,14.10,14.55,14.05,14.25,814393
20030124,14.25,14.40,13.85,13.85,491486
20030127,13.60,13.70,13.30,13.45,400117
20030128,13.30,13.50,13.20,13.30,335973
20030129,13.05,13.35,12.95,13.35,390133
20030130,13.40,13.40,13.25,13.25,77834
20030131,13.15,13.60,13.15,13.60,180685
20030203,13.60,13.85,13.55,13.85,388754
20030204,13.70,13.80,13.35,13.50,337734
20030205,13.30,13.55,13.30,13.45,112169
20030206,13.30,13.45,12.85,12.90,476063
20030207,12.80,12.90,12.55,12.70,324564
20030210,12.70,12.95,12.70,12.95,810298
20030211,13.00,13.15,12.85,13.00,245684
20030212,12.95,12.95,12.75,12.80,57803
20030213,12.75,13.10,12.70,13.10,533021
20030214,13.05,13.10,12.95,13.00,187814
20030217,13.35,13.35,13.20,13.25,333473
20030218,13.20,13.25,13.10,13.10,294407
20030219,13.05,13.15,12.55,12.90,558451
20030220,12.95,13.05,12.80,12.90,257452
20030221,12.95,13.15,12.85,13.00,174112
20030224,12.95,13.15,12.90,12.90,144082
20030225,12.85,12.90,12.30,12.30,442700
20030226,12.40,12.45,12.10,12.25,191862
20030227,12.35,12.50,12.30,12.50,95701
20030228,12.35,12.50,12.35,12.50,53087
20030303,12.45,12.55,12.40,12.50,77017
20030304,12.35,12.35,11.95,12.10,284593
20030305,11.90,12.05,11.50,11.60,481302
20030306,11.60,11.80,11.35,11.35,359854
20030307,11.45,11.65,11.35,11.60,278884
20030310,11.80,12.00,11.65,12.00,324753
20030311,11.95,12.00,11.60,11.80,513677
20030312,11.80,11.95,11.65,11.85,283357
20030313,11.90,12.40,11.90,12.30,626527
20030314,12.50,12.55,12.35,12.55,373437
20030317,12.40,12.45,12.15,12.40,461777
20030318,12.60,12.95,12.60,12.80,657446
20030319,12.70,13.00,12.70,12.85,242604
20030320,12.90,13.00,12.65,12.65,79908
20030321,12.90,13.10,12.80,13.10,344957
20030324,13.05,13.20,12.95,13.15,143163
20030325,13.00,13.10,12.85,13.00,880415
20030326,13.10,13.10,12.70,12.80,110677
20030327,12.80,12.80,12.40,12.45,195798
20030328,12.45,12.55,12.20,12.40,482310
20030331,12.20,12.20,11.95,12.10,279622
20030401,12.20,12.30,12.10,12.10,469524
20030402,12.35,12.40,12.20,12.25,246155
20030403,12.40,12.80,12.35,12.60,608346
20030404,12.60,12.85,12.55,12.75,1001511
20030407,13.00,13.20,13.00,13.10,407808
20030408,13.05,13.15,12.90,12.95,230594
20030409,12.95,12.95,12.60,12.80,430215
20030410,12.80,12.80,12.65,12.65,156534
20030411,12.70,12.80,12.60,12.70,124224
20030414,12.70,12.70,12.25,12.35,547711
20030415,12.45,12.55,12.30,12.40,207525
20030416,12.45,12.55,11.90,11.90,453287
20030417,11.90,12.00,11.70,11.90,462662
20030422,11.95,12.10,11.85,12.00,100229
20030423,12.15,12.20,11.85,12.00,215362
20030424,11.90,11.95,11.55,11.55,489718
20030425,11.65,11.70,11.35,11.40,350099
20030428,11.45,11.75,11.40,11.60,332516
20030429,11.75,11.80,11.40,11.60,542397
20030430,11.60,11.70,11.35,11.55,266948
20030502,11.60,11.80,11.50,11.80,295169
20030505,11.95,12.15,11.95,12.05,326439
20030506,12.10,12.35,12.00,12.25,553797
20030507,12.15,12.20,11.95,12.00,376390
20030508,12.05,12.30,11.85,12.00,823606
20030509,12.10,12.60,12.10,12.50,1005004
20030512,12.55,12.80,12.45,12.70,398768
20030513,12.60,12.80,12.55,12.70,284408
20030514,12.70,13.20,12.70,13.20,1338678
20030515,13.15,13.25,12.95,13.25,441308
20030516,13.20,13.35,13.15,13.20,141061
20030519,13.15,13.30,13.00,13.30,195287
20030520,13.15,13.40,12.70,12.70,778342
20030521,12.70,13.05,12.55,13.00,262877
20030522,13.00,13.30,13.00,13.20,381405
20030523,13.20,13.40,13.10,13.25,447350
20030526,13.10,13.25,13.05,13.05,229647
20030527,12.95,13.00,12.85,12.85,61907
20030528,13.10,13.40,13.05,13.40,607104
20030529,13.35,13.60,13.30,13.50,578055
20030530,13.40,13.70,13.30,13.60,454963
20030602,13.80,13.80,13.40,13.45,478726
20030603,13.50,13.55,13.35,13.55,105128
20030604,13.50,13.90,13.50,13.85,378847
20030605,13.85,13.95,13.70,13.70,383865
20030606,13.80,14.00,13.80,13.90,254463
20030609,13.85,13.90,13.70,13.90,239456
20030610,13.75,13.85,13.55,13.55,147988
20030611,13.55,13.60,13.40,13.55,191243
20030612,13.60,14.05,13.60,13.90,467361
20030613,13.95,14.10,13.85,14.00,89496
20030616,13.90,14.00,13.80,14.00,549960
20030617,14.00,14.15,14.00,14.05,186561
20030618,14.10,14.80,14.10,14.50,1020220
20030620,14.45,14.65,14.45,14.45,320384
20030623,14.40,14.65,14.40,14.50,169619
20030624,14.30,14.45,14.10,14.30,511586
20030625,14.40,14.70,14.40,14.70,536191
20030626,14.65,14.75,14.55,14.65,235659
20030627,14.65,14.70,14.35,14.35,92446
20030630,14.35,14.55,14.30,14.35,243713
20030701,14.25,14.30,13.85,13.85,833861
20030702,13.90,14.15,13.80,13.85,481606
20030703,14.00,14.00,13.75,13.85,446523
20030704,13.85,13.95,13.60,13.95,689208
20030707,14.10,14.45,13.75,14.20,862462
20030708,14.10,14.45,13.80,14.00,883488
20030709,14.00,14.25,13.90,14.15,434063
20030710,14.30,14.65,14.15,14.55,1528140
20030711,14.60,14.65,14.30,14.40,289535
20030714,14.50,14.60,14.35,14.40,688720
20030715,14.50,14.60,14.35,14.55,508180
20030716,14.55,14.90,14.55,14.85,420639
20030717,14.80,15.70,14.80,15.40,1030138
20030718,15.40,15.65,15.35,15.55,430533
20030721,15.60,16.00,15.50,15.90,395226
20030722,15.90,15.90,15.50,15.65,346832
20030723,15.65,15.65,15.25,15.30,523766
20030724,15.30,15.40,15.05,15.40,362674
20030725,15.35,15.85,15.20,15.85,481809
20030728,15.95,17.20,15.95,17.00,807790
20030729,17.30,17.75,17.10,17.45,590348
20030730,17.40,17.55,17.05,17.10,666562
20030731,17.10,17.20,16.80,17.10,398154
20030801,17.00,17.20,16.85,17.00,369413
20030804,16.90,17.00,16.80,16.90,106865
20030805,16.95,16.95,16.40,16.75,328671
20030806,16.50,16.55,16.35,16.40,388638
20030807,16.35,16.75,16.10,16.75,539669
20030808,16.90,17.15,16.75,16.75,419042
20030811,16.75,17.05,16.75,16.95,302479
20030812,17.10,17.65,17.05,17.50,818416
20030813,17.50,17.65,17.45,17.60,1369863
20030814,17.55,18.40,17.55,18.25,767820
20030818,18.30,18.40,17.75,18.25,609504
20030819,18.30,19.00,18.25,19.00,694142
20030820,19.00,19.20,18.55,19.00,835344
20030821,19.00,19.30,18.95,19.30,604176
20030822,19.35,21.50,19.35,20.50,1639436
20030825,20.40,21.20,20.20,20.20,873278
20030826,20.40,21.50,20.40,20.50,1387297
20030827,20.70,21.30,19.80,19.95,2210748
20030828,20.20,20.20,19.35,19.55,1329417
20030829,19.70,20.70,19.70,20.60,1134433
20030901,21.00,21.70,20.80,21.60,556032
20030902,22.00,22.00,21.10,21.40,1154937
20030903,21.60,22.10,21.40,21.70,1403936
20030904,21.10,21.70,21.10,21.30,1142974
20030905,21.20,21.20,20.50,20.80,742101
20030908,21.00,21.00,19.90,20.50,1306930
20030909,20.70,20.70,19.75,19.85,1139879
20030910,19.75,19.90,19.00,19.05,1103719
20030911,18.80,19.75,18.80,19.60,986736
20030912,20.00,20.10,19.30,19.35,551416
20030915,19.65,19.65,19.30,19.40,170870
20030916,19.60,20.10,19.50,20.00,574197
20030917,20.70,20.70,19.80,19.80,434650
20030918,19.45,19.95,19.45,19.95,241148
20030919,20.10,20.50,19.85,20.40,575058
20030922,20.10,20.10,19.80,19.85,334621
20030923,19.85,20.30,19.75,20.30,152277
20030924,20.20,20.50,19.95,19.95,366340
20030925,19.80,20.10,19.70,20.00,133423
20030926,20.20,20.70,20.00,20.30,186948
20030929,20.60,20.70,20.20,20.20,90900
20030930,19.85,20.20,19.60,19.60,557554
20031001,19.50,19.95,19.50,19.80,359228
20031002,20.00,20.10,19.80,19.90,214791
20031003,20.00,20.50,19.80,20.50,1798284
20031006,20.60,21.70,20.40,21.60,843282
20031007,22.00,22.20,21.40,21.60,682836
20031008,22.00,22.30,21.70,22.00,947509
20031009,22.10,23.20,22.10,23.00,706921
20031010,23.00,24.10,22.80,23.70,702995
20031013,24.30,24.60,23.80,24.00,766758
20031014,24.00,25.30,23.70,25.30,701551
20031015,26.00,27.40,25.80,26.80,1511799
20031016,26.90,26.90,25.60,26.10,842196
20031017,26.00,26.10,23.30,25.70,738093
20031020,25.50,25.70,25.20,25.40,164731
20031021,25.40,25.90,24.90,25.10,454632
20031022,24.70,25.20,24.20,24.50,499760
20031023,23.80,24.50,23.80,24.50,593353
20031024,24.30,24.40,23.60,23.80,213618
20031027,23.80,24.00,23.20,23.40,289157
20031028,23.40,24.20,23.20,24.20,922090
20031029,24.60,25.60,24.30,24.30,860330
20031030,24.70,25.80,24.70,25.70,1279701
20031031,25.50,26.00,25.30,25.90,638301
20031103,26.00,26.90,25.70,26.40,484949
20031104,26.50,26.50,24.70,24.70,1262355
20031105,25.00,25.20,24.20,24.60,495041
20031106,24.70,25.50,24.70,25.30,261959
20031107,25.40,25.80,25.20,25.30,280324
20031110,25.30,25.80,25.10,25.80,121458
20031112,25.90,25.90,24.90,24.90,843587
20031113,25.30,25.40,24.60,24.60,875591
20031114,24.80,24.90,24.60,24.70,296479
20031117,24.30,24.30,23.60,23.70,495663
20031118,23.70,23.70,22.90,23.00,688784
20031119,22.40,22.50,21.80,21.80,1084930
20031120,22.10,22.30,20.70,21.20,791575
20031121,21.60,22.70,21.20,22.70,762976
20031124,23.00,23.40,22.40,22.90,437912
20031125,23.10,23.10,22.00,22.00,264393
20031126,22.20,23.10,21.90,22.40,437970
20031127,22.50,22.80,22.50,22.70,125441
20031128,22.90,23.00,22.60,22.60,628655
20031201,23.00,24.30,23.00,24.30,533277
20031202,24.50,25.10,24.20,24.80,648800
20031203,24.80,24.90,23.90,24.80,428776
20031204,24.60,25.00,24.20,24.40,238200
20031205,24.20,24.70,24.10,24.40,349090
20031208,24.40,25.20,24.20,25.20,833277
20031209,25.30,25.80,25.20,25.30,778137
20031210,25.00,25.70,24.80,25.60,331009
20031211,25.60,25.80,25.20,25.60,369772
20031212,25.70,26.10,25.20,25.50,949359
20031215,25.60,25.90,25.60,25.80,449324
20031216,25.60,26.20,25.30,26.20,456265
20031217,26.10,26.10,25.60,25.70,450670
20031218,25.60,25.90,25.40,25.80,366253
20031219,25.80,26.00,25.70,25.90,531448
20031222,25.80,25.90,25.50,25.70,156482
20031223,25.70,26.10,25.70,26.00,332060
20031229,25.90,26.20,25.70,26.20,186250
20031230,26.40,26.50,26.30,26.40,242862
20031231,26.30,26.50,26.10,26.20,63815
20040102,26.30,28.00,26.30,28.00,343529
20040105,28.10,29.80,28.10,29.60,695770
20040106,29.50,30.00,28.60,29.00,633889
20040107,29.10,29.50,28.80,29.40,594545
20040108,29.40,29.70,28.00,28.50,1136339
20040109,28.60,29.10,28.40,28.50,618024
20040112,28.40,29.20,28.30,29.20,254588
20040113,29.30,30.20,29.10,29.50,794052
20040114,29.30,29.30,28.50,28.80,565747
20040115,28.70,29.40,28.30,29.10,213229
20040116,29.10,29.20,28.10,28.20,512985
20040119,28.30,28.90,28.30,28.70,170300
20040120,29.10,29.30,28.80,29.00,572435
20040121,28.90,29.10,28.70,28.70,236740
20040122,28.90,29.70,28.60,29.40,607516
20040123,29.30,29.90,29.00,29.20,650791
20040126,29.00,29.20,28.90,28.90,218068
20040127,29.00,29.10,28.70,28.70,326599
20040128,28.40,28.60,27.80,27.90,592661
20040129,27.50,29.10,27.50,28.70,587458
20040130,29.00,30.00,28.90,29.50,1129499
20040202,29.60,31.50,29.60,31.40,1043536
20040203,31.60,31.80,30.00,30.10,692336
